13.889903	9387300
14.136266	16929600
13.948559	12362400
14.065868	10015500
13.936827	11493600
13.596624	15596700
13.972027	21765000
14.018947	14076900
13.960285	11543100
13.643547	10175700
13.772589	17347200
14.183185	13985700
14.183185	15483600
14.112802	15117300
13.901633	15291000
14.018947	12116400
14.31223	18016800
14.31223	12773100
14.476474	18073500
14.546858	11328300
14.74629	20531400
14.558587	15395700
14.42955	14422800
14.394353	12590100
14.58205	10602900
14.464737	8718900
14.546858	12823500
14.722831	7960200
14.734556	16416300
14.605507	8802300
14.652441	10308900
14.722831	9710100
14.605507	8886900
14.6759	12274800
14.58205	9719700
14.406077	10972500
14.476474	10719300
14.453012	10743900
14.59378	11699100
14.370889	16446300
14.49993	13338000
14.323958	9822000
14.392274	11801700
14.745601	14826900
14.79271	12925200
14.83982	9523200
14.886932	8853000
14.922266	11693400
14.75738	11064600
14.9576	9789900
15.075377	10389300
15.016494	8440500
15.087152	10361400
15.381591	20390700
15.157816	9990600
15.570034	12792900
15.452262	12539100
15.534705	10450200
15.734927	14963400
16.076475	12570600
16.24136	14972100
16.288471	13458000
16.535799	15637200
16.46513	17406900
16.359137	13071600
16.418028	12419100
16.229584	11220600
16.300251	9173700
16.359137	11501100
16.323807	10405800
16.312029	9293100
16.135357	9895800
16.441582	13181700
16.229584	12054900
16.217806	12447000
16.052921	9612000
15.911587	9752700
15.805594	12959400
15.534705	14547300
15.28737	13053300
15.511144	10611000
16.052921	14135100
16.01759	7771500
15.899806	8495100
15.699594	9133800
15.652482	10481100
15.428701	9861300
15.67604	11627700
15.67604	9740700
15.723142	9823500
15.946924	10092300
15.852698	11680800
15.570034	15573600
15.546485	11537400
15.617146	10395600
16.14715	16671600
16.194248	18189300
16.01759	7936500
15.605369	10592100
15.782038	15127200
15.899806	11053800
15.711371	11784900
15.617146	10706100
15.593592	10388100
15.322708	10556700
15.723142	12337500
15.970481	11988900
15.911587	9100500
15.98226	8896200
16.064699	16577700
15.86448	12916200
16.064699	15249900
15.805594	14454600
16.064699	14512500
16.500471	18631500
16.571136	12705300
16.39448	20469900
16.229584	10782300
16.606464	10459800
16.924463	13860600
16.912682	10960800
16.971581	8301000
17.124685	9311700
17.124685	14156400
17.183573	13235400
17.136457	6412800
17.370436	8689500
17.512232	12386100
17.642216	12421800
17.795832	16084800
17.736742	15665100
17.689472	14970600
17.973076	13654500
17.784014	14076300
18.103064	13664400
18.280312	14454000
18.055798	12813600
17.571316	15714300
17.2759	27483300
17.015936	14278500
17.334982	16593600
17.394068	13038900
17.16955	15168900
16.9214	12239400
17.264086	12618000
16.90958	17604600
16.9214	13229100
16.153322	22959900
16.401472	24063300
16.791418	16377600
16.661432	15491700
16.60235	10573800
16.507822	16846200
16.897768	13018800
16.614166	12845100
16.53145	14112300
16.885954	14268600
17.157732	12877500
17.25227	10718700
17.098648	10938000
16.945036	17678100
16.968672	11147400
17.07501	11915700
17.098648	13203000
16.366011	25113600
16.23604	26559300
15.125278	29261100
15.633396	32915400
15.196176	20958900
14.699869	30344100
14.345377	32088900
15.479771	28976400
15.160721	21682500
14.569888	33126600
14.983471	26205600
14.959844	22624200
14.758957	23133600
15.101645	35243100
14.794404	19206000
14.723512	23945100
14.983471	20469600
15.101645	15404400
15.893352	22077600
15.456144	21726900
15.704285	19488300
15.856088	15905100
15.725636	15661500
15.097084	20193300
14.33808	29801700
14.302508	42531900
13.851844	30903000
13.994156	22161900
14.231346	24980100
13.579077	46694100
13.756968	34904400
14.053449	22144200
14.444811	19144200
14.729435	20385300
15.559599	25329300
15.903528	31614600
15.820519	14700300
15.607038	22150500
15.915388	15553200
16.413486	18213000
16.425341	12894900
16.294889	14282400
16.223734	16289400
16.116997	13141200
16.472784	12000300
16.603235	16658700
16.579512	12238500
16.792982	12571800
16.840429	15460500
17.231779	14455200
17.148762	12484200
16.840429	12111600
16.899723	12058200
16.543936	12951600
16.437208	10614900
16.73369	9956100
17.160629	12202500
17.07762	15486000
17.409676	13089000
17.563848	13889400
17.587572	15292500
17.955206	14054400
17.88406	11376000
17.682444	9226500
17.516413	5147400
17.148762	12304200
17.291082	14306700
17.255508	12185700
16.70997	13175100
17.101334	13039200
17.231779	10176900
17.160629	14640300
17.07762	12143700
16.781126	11788800
16.899723	15884100
16.472784	14426400
17.670586	26089500
17.457111	16099200
17.895916	15470400
18.382156	26312100
18.666784	15652500
18.797232	9721500
19.236032	11952300
19.153027	4133400
19.295324	6977400
19.659485	8083500
19.480972	8093400
19.421474	12031800
19.147768	17089800
19.552382	12623100
19.933197	15463200
19.599989	12282300
19.492882	15360300
18.981165	17915700
18.612253	16115700
18.386143	21121500
18.481346	15182700
19.18347	17970900
19.314375	14940900
19.112068	18061800
18.90976	14646000
18.636051	14529000
19.135864	13832700
19.421474	14510100
19.326277	13367400
19.695192	13235700
19.968895	16677900
19.457174	13829700
19.421474	14113800
19.588078	14149200
19.064468	14165400
18.659849	20313000
18.576551	13485600
18.279039	12681900
18.647949	12958800
19.040665	11700900
18.588455	14508600
18.850256	12843000
18.90976	14055600
19.15967	12742500
19.112068	13081200
19.80229	17642400
19.611887	14480100
19.231073	13795200
19.112068	18396300
19.100166	15612000
19.21917	13117800
18.90976	12515100
18.80266	15187200
19.203928	13505100
19.813011	16903500
20.027981	20843700
20.2549	19272300
20.207127	23152500
20.457924	16210800
20.517639	18724800
21.043114	18453600
21.019232	13944300
20.720665	14110500
21.019232	13342800
21.401411	27932700
21.090893	11243400
20.362389	15915900
20.398203	12387000
20.732615	13255500
20.601223	9156300
21.401411	15297300
21.652203	15262800
21.138655	16280700
21.329742	12029400
21.902996	11783400
21.652203	13952400
21.879107	13308300
21.759684	14628300
21.437229	13137300
22.261284	17385300
22.344875	19464900
21.795504	14847300
21.496946	19743300
21.25808	15313200
20.016035	30260400
20.887852	22709100
21.699963	17934900
21.640259	14897100
21.5686	10973100
21.688013	11337900
21.496946	13893300
21.305859	12190200
20.565409	16403100
20.135477	29040600
20.183235	16569900
20.05187	20111400
20.828154	18669000
20.684832	20683500
21.00728	17397300
20.780375	11573700
21.198374	14429100
21.055059	15320400
20.887852	9354000
20.242954	19541700
20.302671	11924700
19.920498	16187400
20.637058	13358400
20.338497	12450300
19.896614	17830500
19.777182	15109500
19.562222	15850800
19.705524	19271400
19.239769	15268800
19.43084	15340800
19.598038	13890300
19.502502	15300900
19.657761	12169200
20.039928	11672400
19.956335	8984100
19.562222	10819500
19.621927	9518700
19.299471	15315900
19.36515	15878400
19.824957	14094600
19.908558	13116300
20.410152	16950900
20.720665	10931700
20.553463	16305000
20.171303	12026100
20.231012	8679300
20.219063	11066100
20.398203	18453900
19.956335	11537100
20.290728	11577900
20.959515	14148900
21.59248	21864900
21.305859	13686300
21.532772	9648600
21.83946	13841100
22.606173	23844300
22.426477	23141700
22.450434	17329200
22.11499	16194300
22.150936	9468300
22.198858	10432200
22.534292	13353600
22.785868	13874700
23.001503	15404100
22.534292	12299400
22.414494	9894600
22.043116	13409700
22.07906	9412200
21.851429	10066200
22.282719	10784400
21.851429	9525300
21.468075	13572600
20.89304	12722700
20.677406	12430200
20.677406	12488400
20.461763	10833600
21.000854	14931000
20.50968	13689900
20.138296	11532000
20.102365	15316200
20.329977	12819300
20.138296	10111200
20.653437	10838100
21.04878	8731800
21.36026	11170200
21.408182	12783600
21.276394	12038700
21.623823	10501200
22.342615	13814700
22.354593	14369100
22.869734	14203800
22.797857	14961000
22.342615	12129000
21.899347	10681200
21.527979	13486200
21.791531	11109900
21.647776	11486400
22.312654	12813900
22.965565	17170500
23.169237	19507200
22.953598	12287700
22.845781	12069300
22.725975	8356800
22.378561	9953100
22.234793	11089200
22.474392	11260200
23.001503	17870700
23.384872	15647400
22.857746	14889300
22.809835	13724400
22.378561	14706000
22.618151	16693800
23.001503	14710200
22.756401	16005600
22.383947	15132600
22.792448	20417100
22.564175	16123500
23.080812	14580900
23.249027	20768400
23.777691	19178700
23.429245	15412200
23.981943	22095000
23.669546	9805200
23.333134	16737900
22.984688	14658900
23.092823	20453100
22.251778	25814700
22.612236	19200900
22.696333	17014200
23.381187	14196600
23.693577	15426000
24.150154	17116200
24.078062	13695900
24.150154	18679200
24.690826	12946800
25.567923	27043500
26.048521	20326200
24.871052	20386500
24.79896	19021800
25.255529	13767000
25.351646	13060800
25.712088	14066700
25.760155	10547700
25.640015	10020900
25.760155	11080800
25.760155	6543300
26.024485	11083500
26.048521	13169700
26.841503	16464600
27.141888	17228400
26.793442	16229700
26.469042	14381100
26.949642	15117300
26.457024	12345000
26.312859	9698400
26.07254	5339100
25.591949	13299000
25.015232	15393000
25.856281	16459800
25.892328	11134200
26.192694	16856100
26.381927	10057800
26.913599	16982400
27.156891	19554000
27.598463	19329900
28.343386	17184600
28.607714	18316500
28.811975	23201100
27.742645	19654200
28.379427	17744100
29.196442	63554400
29.463785	23141400
30.337893	19231800
30.428936	18556200
30.356659	12055800
30.742144	12299700
30.308479	11635800
30.175966	8920800
29.874807	8371800
29.826628	5883900
28.911114	22069800
27.754667	22121400
27.706484	27292800
28.076889	19873200
29.164083	20141400
29.152037	15226500
29.200222	15123000
29.296595	18342300
29.633886	14953500
29.103857	18480300
28.525629	18296700
28.664152	14849700
28.128103	30759000
27.77877	24005400
26.622322	27116100
26.694601	25387500
27.26075	15856800
27.320999	19243500
25.827259	29846700
25.827259	21782700
26.212742	27339000
25.83931	21820200
26.839157	20232000
27.284864	18167100
26.309099	18285000
26.417524	18695100
25.83931	16023900
26.104319	19167600
25.779083	20552400
25.899529	14541900
26.501844	18823500
26.146473	14530800
25.249037	28919100
24.116686	35327400
24.984016	27231000
25.152662	21956100
25.249037	27618600
24.309433	26669400
24.947878	27042900
25.514055	22575000
25.321325	26688900
26.068188	19884900
26.863239	23763900
26.567966	18498600
25.118139	29629500
25.190638	23915100
24.936914	18905100
25.456436	20699700
25.021488	19260900
24.550299	19070400
25.81888	25911000
26.870012	30004800
27.039152	31863000
27.244553	15596400
29.093065	37144200
29.165554	21711600
30.929514	31321200
30.748276	23076900
30.530804	16407600
30.156271	21812100
31.50943	39131100
30.68787	24966900
30.083792	23431200
31.122816	19182300
29.769653	33030000
29.636745	21418800
30.325407	13791300
30.699934	13326600
30.820787	14234400
31.243628	21002400
30.301258	19443000
29.093065	25497000
28.174845	31645500
29.383028	31951500
30.252935	25437900
30.05962	14150400
30.63954	17056800
31.328205	24014700
32.089363	22854600
31.557775	21333300
31.219482	20227200
30.397905	14133900
30.808691	12486600
31.134897	12725100
30.168352	16594800
29.769653	15411000
30.542881	20685900
30.409985	11676500
30.228765	13439400
29.35887	15059400
29.5401	13437300
30.301258	10713800
31.316133	13556300
31.461098	16931900
31.098656	11294900
30.808691	12866900
30.083792	12893000
28.996408	16754600
28.996408	12092000
29.431356	14942600
29.431356	11438500
28.742695	8866300
29.721329	12945500
30.518736	14464600
30.373743	12817600
30.591208	12014700
29.902538	9592300
29.68508	7964800
29.793804	9976600
29.503853	8691800
28.923925	10962800
28.923925	12246200
29.68508	13406400
29.576347	10300100
30.083792	11984300
29.648832	18995100
29.14139	9807400
29.576347	11161600
28.670212	13845200
28.271492	15694200
28.923925	10195700
28.960154	9103300
28.561464	9813100
29.313515	13246800
28.85144	12893000
30.736212	19076300
30.156271	6604600
29.036674	13558000
29.182041	9616500
29.836176	9937800
30.49032	12246700
30.381285	12912600
31.253481	10783100
30.526665	16100500
29.945208	11123900
31.217142	18369600
30.381285	11987500
30.672018	9531300
31.580557	11220500
31.471537	13019700
31.398863	9440000
31.144457	8467800
30.308603	16765300
30.526665	13786600
29.61813	13406700
30.054222	17194200
30.672018	13002900
30.235928	15445700
30.744719	12935400
31.035435	9088500
30.599348	7729700
31.253481	8808200
32.525429	21437700
33.143234	18241700
32.88884	12111100
33.143234	7795000
33.288601	10792200
33.034203	7451700
32.961529	10330000
32.670795	8319800
32.88884	7814200
32.707146	8087500
33.688347	11312800
34.269814	11981300
34.451511	8098400
34.887608	12556000
34.814941	8230700
33.433971	10482400
34.088116	11900600
34.015423	7741000
33.615665	9308200
34.306152	14609500
34.306152	8031500
34.814941	10879400
34.705906	11777500
34.342484	10180000
34.342484	7604800
34.306152	7924800
32.997864	20244200
33.433971	12821300
33.143234	11888400
32.925182	14211900
32.707146	10721700
33.324928	14249900
33.761032	11003200
33.724686	14044800
34.560547	14682200
34.306152	11164700
33.693893	10709500
34.094593	11895100
34.422424	12229500
34.313152	11419200
34.823109	11778600
34.64098	14005500
34.094593	9687600
33.839611	11007800
33.001816	18511200
31.763334	17409000
33.220367	15552900
33.657482	12994200
32.418995	16856000
32.346165	18415100
32.418995	13189000
30.379139	18000100
28.994968	71299300
31.10767	45995300
30.852688	29252400
30.379139	18670400
30.452	15464000
31.471926	18234800
31.945467	17172100
31.726917	15900200
31.289799	14338200
31.071238	12062500
31.763334	11944700
32.018326	9680200
31.799768	9482600
31.799768	12295100
31.399071	12252700
29.978477	18458500
30.743401	14707500
30.597725	12136300
30.670563	10313200
30.233456	11987700
29.177109	14794900
29.577782	12194000
28.302874	22223500
28.776405	6303000
28.630699	16086000
29.031412	14812300
28.958553	12740000
28.885691	20149100
29.723495	18202900
30.087753	11993500
31.544786	19991000
31.435503	15878700
31.180527	10359200
32.164024	16858500
32.236874	16445000
30.779833	25319900
30.889111	17563400
29.978477	15750200
29.031412	35899600
29.723495	13941300
29.213526	15377800
27.647209	20264400
27.902185	19675700
28.48501	11699900
28.739988	9113800
28.175741	12231700
28.32192	12562000
28.029573	10983300
25.581097	36837700
27.956476	39205800
28.102652	26926400
27.664114	22790400
26.640875	23210900
26.09272	20066000
26.129257	24805300
27.225586	23599100
26.713966	16802900
27.700674	19758500
27.298681	24412000
27.846851	19290300
27.481407	19360100
26.750511	20691900
27.298681	21121600
27.079405	19145100
26.860144	20812100
26.09272	26858500
25.949455	23027200
27.042866	19843100
26.885002	21346100
27.031183	17586900
27.060404	16040500
27.978397	21847000
27.832226	15962600
27.452168	13031100
27.563263	17708500
26.697895	18478700
27.7796	17953200
27.574949	14322100
27.048716	13239700
28.054426	24011600
27.481407	16917000
27.884851	20032300
27.656826	18497500
27.53986	22901300
27.001944	23368500
28.054426	21073600
28.066116	22578900
27.189035	26553400
26.844078	23957800
26.060555	21981100
26.453718	16671900
26.653242	15691600
26.981861	13889500
26.917305	16572100
25.708462	19891300
23.237974	45708300
24.839981	42939700
24.077118	35437100
24.106451	24847700
23.824783	44851000
24.118187	20831800
23.502028	22324400
22.885881	26840800
22.123014	55941400
23.466824	45736600
23.607656	31143900
24.593513	36552300
24.382257	26863900
24.294233	26964700
24.564159	29428100
24.528967	24248400
23.28491	23599300
23.237974	26831300
24.705008	23794700
24.159275	24653200
24.646324	17781300
25.720205	26111100
25.391582	20147900
26.230732	17265300
26.201387	14130200
26.676722	20507400
28.102676	36439500
28.466507	22062000
28.225918	23271000
27.697769	16211900
26.987726	18614500
28.055737	17857800
28.930082	21044300
29.311527	15681300
28.478239	18249000
28.701242	13067400
28.812729	18119600
28.460634	18467500
29.299788	18312700
29.317392	14729900
29.035723	15135700
29.00638	23099200
29.241106	13567900
28.759912	11873400
29.182428	10972200
29.428896	17834400
30.637733	24480600
30.579046	19454400
31.095449	17302000
31.336046	18244600
30.913542	17378900
30.133062	15999000
30.162405	13074600
29.311527	15636600
29.147209	13017600
28.765778	15599400
28.754045	13387600
28.754045	13459400
29.018124	13800700
28.859673	15232800
28.607347	14017700
28.701242	11148600
28.249378	16805800
27.815138	17879500
28.619081	37572800
28.079212	33105200
28.6719	60128100
28.64255	43756900
28.754045	20103000
28.677757	22588200
29.792713	30002600
30.074385	31969300
30.432346	24614400
29.487579	27093700
28.630823	30804400
28.319799	27011000
28.677757	23575000
28.754045	52690300
29.458223	23182900
29.053322	17570200
28.53525	19462700
27.605087	23441500
27.58153	16153800
26.939823	19023000
26.262798	27137600
27.669834	21427500
27.93475	17619800
27.210625	13751800
27.145864	18256100
27.169416	16952600
27.363693	12881000
27.452007	11999000
26.669006	15203200
25.903677	26311300
25.785931	25075500
25.756483	23613600
26.286341	16467200
25.668192	16692400
25.609304	24761100
25.197206	23324700
24.843985	24474900
25.167772	15274800
24.367115	21286300
25.179546	23329100
24.520182	14592600
24.667366	14855000
25.061804	13353600
24.861639	14195700
24.63792	12559800
24.596712	14946000
24.490746	17082500
24.019772	15675600
24.449535	12777900
23.825489	13918700
24.049202	15836100
24.161062	10507200
24.720348	13596600
24.826313	14320300
24.272921	12733900
23.907907	11899600
23.666538	22061700
24.078648	17259700
24.037437	18486200
24.54961	20164500
23.843151	18420100
23.348629	24183000
23.166132	24095000
20.693508	71444400
19.928165	46110700
19.133387	56660800
17.879427	46676400
18.426931	85888900
20.722931	70974400
20.899551	44047500
20.982353	26488400
21.260303	20999900
21.999537	32471000
22.259745	24724400
22.502211	22364300
22.561344	25648200
22.111895	26630300
22.147377	22852300
21.762974	15739700
21.774803	14174300
22.419413	17994100
23.034452	24701900
23.064026	22116400
22.981234	12873500
22.750591	16597200
21.969969	21689500
22.029095	15151800
22.029095	16372700
22.241999	16272000
22.04092	15209800
21.928562	16009200
22.395752	22510100
22.993065	18619100
22.135546	14143200
21.490946	15276200
21.532331	15930400
22.419413	18593200
22.448978	13969400
22.928007	15160800
23.53714	16800400
23.271009	15283800
23.862389	20047500
23.897873	11799500
23.318312	19891200
23.986589	17642100
24.175825	14243400
24.57206	16943100
24.158087	17294300
24.394644	14189800
24.305933	14338900
23.92153	12021900
24.258627	5246000
24.436045	12607300
24.288197	14034700
23.271009	23774600
23.495731	15390600
22.768332	23595000
21.833942	33713700
22.088242	29176900
22.206511	35193500
22.324791	19367600
21.969969	16374000
21.762974	20747000
21.757061	20718700
21.910814	22629300
21.910814	26103100
22.265656	26119200
22.650055	26715900
23.489832	33016300
24.11669	27305400
24.152172	18656300
24.453793	30675500
24.359158	5569800
23.980663	14955200
24.325207	12881700
24.194523	13621800
23.808401	14030800
24.325207	17693300
24.123238	17497500
24.325207	19853100
23.380701	27526900
23.137157	24128100
22.899555	20192300
22.935196	14738000
22.709465	16802200
22.513433	20832500
22.994595	26047300
22.406513	22894900
23.018347	22560400
22.976774	18037200
22.751043	17171600
22.364931	22501800
22.305531	19384700
22.727293	15756600
22.661942	13962700
21.658041	36329300
21.907536	62345700
22.067917	31013000
21.889709	20544800
20.790775	39740800
21.509539	44376000
21.95505	33209100
22.097616	23954100
22.127316	22713900
22.454035	15768700
22.275829	16329500
22.632246	18759300
22.57284	20375100
22.044157	22109400
21.622406	16948300
22.31741	22008100
22.287706	27637000
22.626297	19559000
23.285664	24430700
23.018347	18784000
23.125772	23093100
22.976574	23397500
23.543535	20117900
23.991133	32281600
24.170172	23793500
24.796801	24636300
24.438734	24434200
24.229849	28101500
24.558086	23441900
24.528248	19767600
23.871769	23574800
24.116453	14763700
23.985157	33098200
23.812096	19998400
23.812096	17870400
23.155621	27496500
22.349947	50303300
22.600595	30601700
22.105261	24599300
22.266396	20010500
22.349947	19626800
22.320114	18709400
22.260427	21535700
22.141071	17410700
21.932188	19117500
22.260427	20529600
22.141071	14824200
21.997843	17163400
21.753159	17161100
22.200747	22679900
20.141809	79873900
20.022451	49724200
19.007902	68551500
19.753889	44634700
20.082127	29648900
20.17165	27240700
20.111979	19681200
19.610653	19806100
19.57485	19485200
19.395811	21743700
19.127254	27672200
18.799021	23183400
18.411102	22623700
18.828857	40299800
18.918385	25795500
18.858698	19586900
18.918385	19807300
18.482721	23319600
18.291748	20627000
19.604694	33876300
18.793047	32919100
18.291748	26257300
18.411102	22533500
18.846769	29672100
18.458849	29630700
19.097422	23497000
19.962772	32674100
19.455488	20308400
19.18693	19864200
19.049669	18914100
19.664366	18058500
19.455488	14183600
19.127254	14276200
18.73934	16757300
18.619984	20828300
18.584171	19921400
17.969471	28920400
17.933659	33315200
17.993349	23873000
17.486076	21379200
18.023188	31579000
17.873989	20841500
17.545752	22304000
18.112709	28132500
17.814308	20831500
17.724791	34148300
18.208189	21291800
18.590149	21798000
18.112709	20921100
17.724791	20761900
17.277195	39211800
17.66511	37185500
17.247353	29769400
17.715776	45000400
17.955986	33238500
17.44553	32465400
17.085205	26966400
16.875025	31547900
16.754921	30474700
17.82987	19258000
17.673733	20376200
16.995131	24683800
16.244463	33494000
16.424623	51499200
17.175291	48120400
16.965103	37506900
16.544722	35834900
16.965103	38286700
16.634813	27972300
15.926175	36109200
15.409717	44461300
14.893259	48600100
15.93218	62394500
16.00425	39859600
16.694862	35789000
18.286285	45171800
18.976892	43502200
19.337219	45183900
18.856791	32957900
17.715776	38480700
16.995131	27420400
17.805853	36171200
18.466436	28468600
19.187078	33182300
19.457327	27147500
19.367241	20814600
18.58655	26276700
19.157051	37303100
19.391266	28889000
18.946863	21838800
19.751581	24067300
19.367241	20365700
19.397266	21387900
19.637487	20575300
19.367241	16547100
19.259151	18404900
19.187078	20288200
18.796734	17400600
18.226221	25582300
18.106119	20144600
17.091211	30159600
17.235344	26574100
16.81497	25022700
16.995131	18102200
17.283388	17364600
17.463549	20361000
17.415501	14921600
16.81497	20250800
16.244463	36293700
16.754921	18761200
16.634813	25050400
16.424623	25912500
15.944195	22387300
16.064306	40941900
15.854115	21413300
15.553845	29297800
16.327911	32598200
15.95902	56588200
14.79792	55036400
14.906777	49836400
15.844121	40118700
14.997483	30036100
14.888644	29716100
14.519742	30801800
13.87873	38573100
14.120619	42285500
13.304218	48248000
13.66707	60584700
14.640689	59969800
14.72536	24922200
15.844121	44052300
15.481277	27515700
16.261387	25829800
16.116262	21455800
16.418621	23026000
16.370245	21411700
16.267439	26630300
15.723168	32493200
15.868304	23676200
15.874355	23009800
15.632462	22631100
15.209147	33492200
15.269619	26814200
15.723168	22739200
16.025543	25118100
16.025543	18510700
16.086012	27103100
15.789698	22929100
15.178911	30809100
14.640689	25250200
14.42299	32306500
14.568123	27840500
14.816067	26352100
14.429035	35889800
14.271802	28107700
14.453226	30603400
14.997483	33298300
16.237198	64205500
15.995303	27472500
16.206966	25462600
15.934828	25034600
16.418621	23235600
16.400478	12273400
16.448854	22115900
16.176733	19630900
16.037636	24661100
15.602226	18212700
15.753408	17615800
15.420806	17806500
15.680845	17103900
15.807831	20217800
15.662694	15490300
15.420806	20358200
15.983213	21068200
15.723168	19211000
15.517563	18582700
15.360329	20959900
15.692939	31926100
15.559896	20381800
15.318003	7503200
15.299854	15078000
15.050034	18600200
14.928178	22054600
14.83678	21182900
15.525306	21813600
15.476564	15025700
15.872608	18845000
15.781209	21805700
15.537488	21583800
15.781209	19371400
15.628888	18590600
15.622797	19551600
15.665444	18353200
15.348604	20564000
15.251114	24472900
15.159714	25292900
14.660074	21500100
14.349323	24849200
14.593056	21979700
14.050761	23816200
14.044674	28459900
14.1056	22571000
14.032483	25473300
13.740012	21649400
14.099511	26239200
14.41026	21327600
14.044674	24473300
14.014206	19998900
13.947181	19594000
13.831412	22822100
13.788763	23560500
13.709548	21898300
13.557222	18219100
13.508479	22660300
13.697366	26371500
13.959366	21042400
14.227468	19038000
14.227468	23752500
14.501659	25029000
14.270121	23585300
14.611331	24857300
14.353371	18853200
14.678899	24811100
14.771019	22358000
14.678899	21023300
14.3718	16680100
14.617475	21168300
14.709605	20613700
14.924567	28621100
14.494639	20142100
14.341092	21506000
14.617475	22940100
15.483469	38540500
15.753708	29924900
16.134504	34557500
16.214348	25136000
16.570566	24912900
16.490725	24890200
17.197031	39905500
16.417021	27822200
16.570566	22126100
16.337175	21602800
16.238907	20937700
15.987096	16256600
15.661583	24471400
16.048513	21391600
16.613554	27475800
16.920649	28277900
16.969784	17288800
17.049627	27382400
17.233881	17955500
16.767099	25533900
16.816238	16678800
16.982056	17959600
17.049627	16071900
17.381277	20397500
17.092615	16556700
17.497976	16099300
17.295301	12801100
17.805065	20658200
18.050735	20573000
17.872627	17787600
17.878769	19262100
18.130585	20062400
18.056881	20857800
18.087591	22146000
17.872627	20380600
17.860336	20404400
17.706797	17300300
17.884907	18448000
17.71908	18733600
17.485695	15109400
17.811207	14971800
17.792778	16037400
17.53483	18987900
17.571678	15937800
17.491837	16075100
17.104898	26335300
16.920649	18787300
17.0312	17056200
16.951359	16583900
17.0312	17554500
16.97592	12470500
17.387423	22496500
17.362858	18433100
17.350578	19311400
17.626951	23629200
17.811207	20997600
17.841915	14795900
18.032316	17274500
18.290264	19637500
18.609642	28558400
18.511377	16455700
18.787754	15457900
19.027283	16908500
19.082556	16943400
18.824602	16620200
19.248388	18743300
19.162409	19250700
18.873739	19267600
18.339403	34908700
18.431528	37775200
18.345547	16911800
18.382393	15937900
17.970894	19249200
18.020351	16964600
17.692719	17794100
17.729797	15558100
17.698885	20835200
17.686523	21819500
17.649427	12294700
18.094536	19605700
17.810158	22860100
17.544344	28195400
17.426891	21155700
17.383614	28780300
17.33415	22771900
17.105423	24730200
16.926149	22042800
16.753056	23477800
17.173429	20152900
16.79015	17010100
16.944695	17399500
16.950876	18908500
16.963234	19250800
17.575247	23574600
17.538157	18566700
17.247612	18375600
17.290886	13678500
17.581436	27435100
17.593796	16840800
17.606157	15046700
17.185789	16239500
17.111603	17207500
17.358883	13142000
17.358883	10593300
17.482519	11657800
17.513432	14087300
17.321795	15337700
17.649427	19531900
17.791613	14257500
18.422173	25953200
18.453087	21179600
18.205811	16401800
18.644728	24496600
18.471628	19923200
18.453087	11508900
18.471628	14060300
18.391268	12185300
18.34799	13707300
18.279993	13129600
18.817816	24469700
19.23819	34207100
19.36183	18892100
19.188742	18543900
19.398928	15212200
19.262918	16168700
19.18255	18147000
19.460745	20060800
19.491655	16634100
19.411287	14279600
19.738926	20066600
19.609106	19185500
19.850203	22265400
19.738926	23219700
19.411287	18566300
19.510199	13109000
19.046545	19129600
18.897263	19008100
18.580029	22431000
18.89105	20938700
18.542709	28837600
19.052765	23842500
19.127419	17667900
19.170958	20911100
19.1523	13471800
19.065207	19041600
18.785297	21670200
18.741758	26752700
18.237913	39152600
17.995319	29537600
18.219255	21406800
17.945559	23436800
18.051306	16644900
17.758955	21286800
17.90202	16070600
17.964214	16186500
17.634544	20064000
17.659418	18290000
17.603437	17771700
17.55368	16609000
17.740286	19283200
17.933123	20577400
17.964214	20940700
18.045084	16863700
17.914461	18126300
17.827374	19007700
17.684305	17140600
17.690523	15762600
17.49148	17998300
17.522577	14037900
17.485258	15770600
17.852249	23640400
17.628323	24937400
17.342194	27533200
17.298649	23500900
17.690523	41093700
18.331221	44900400
18.007761	24407500
17.765169	24952100
17.883358	18272900
17.982882	16317000
17.89579	15137500
17.833595	8372200
18.057518	19829700
18.337435	24205400
18.36232	25066600
18.132174	19621200
18.101067	13716000
18.269018	15077000
18.387201	24682500
18.486727	22898800
18.909706	28669600
18.729319	20599000
18.866161	26989400
19.065207	25709500
19.114969	21663400
19.189611	24383300
19.214499	25295800
19.282923	16271500
19.345127	15449100
19.220716	5805500
19.108757	5089000
19.302839	16634500
19.233976	14046300
19.396761	16831900
19.484425	18338500
19.772427	19598900
19.640945	16464000
19.835039	18573600
20.191916	27010800
19.910173	24000200
20.091736	18626300
19.791204	26726300
20.035387	16448300
20.035387	19820000
20.880638	50356900
20.886896	26426900
21.193687	21386800
20.98707	17891300
20.792984	16320000
21.375261	21332100
21.406559	20280700
21.137341	27114500
21.306381	20786300
21.055944	17186900
21.055944	18672000
20.792984	16444800
20.774195	20106100
20.98707	13462800
20.774195	18326700
20.592628	15430000
20.348448	22184600
20.711584	23808200
20.573849	15483500
20.486187	16163400
20.692802	14970700
20.504974	15276100
20.411053	18374000
20.473667	17531100
20.924456	20830700
20.836809	21163300
20.642715	16815600
20.579721	16717200
20.485231	17012000
20.655315	15690800
20.466341	18938400
20.693115	14797700
20.724607	15287500
20.642715	18573000
20.050573	27443300
19.880508	58142400
19.590734	40497500
19.162392	42291200
19.275768	28106600
19.086796	34590500
19.212782	25267500
19.376564	24289500
19.35136	26695200
18.986008	40369800
18.526155	45559200
18.393879	59053800
18.381277	58666800
18.708839	55518800
18.960806	69142600
19.200182	59129400
19.332474	48220800
19.22538	49868200
19.288378	47570600
19.56554	54217300
19.893099	54271400
19.855303	47456000
19.77972	30772700
19.786009	38891700
19.918299	17174300
19.527748	32492800
19.200182	36003500
19.376564	24924600
19.672621	25801000
19.590734	18000200
19.19388	20551200
19.338768	30059800
19.433258	35252800
19.332474	19259300
19.370262	16629500
19.244278	26838200
18.910419	27366000
18.929323	23555200
18.866322	23172800
19.086796	17002200
19.174994	17425600
19.206484	17983100
19.19388	16222900
18.897825	19975100
18.916719	28367300
19.055296	19691700
19.14979	25684600
19.118292	18062200
18.998608	18487300
18.878923	19907900
19.168688	21856400
19.055296	24604800
19.042702	14329400
19.307268	21917300
19.389164	19510800
19.660032	23139300
19.710424	18591000
19.69153	16240500
19.603333	17527800
19.552942	19313900
19.590734	17776200
19.527748	15552600
19.672621	17749000
19.956093	21037000
19.823811	19661000
19.641132	18496900
19.836409	15993700
19.886805	15855400
20.037989	23376400
20.226961	22431900
20.384445	31005700
20.523031	60311300
20.535631	22476000
20.693115	24245300
21.05216	34333800
21.083855	34239800
20.393099	80277000
20.475487	36057300
20.488161	20307200
20.532518	27207000
20.285368	31422500
20.069902	20217100
20.171301	17426200
20.291706	22072500
20.088913	21470000
20.386761	25224300
20.65926	19183600
20.811356	22947500
20.995134	32994900
21.147224	31380100
20.96978	25293700
21.058506	20281800
21.045832	18126200
20.65926	21230200
20.8367	18415100
20.608566	14593300
20.475487	20165900
20.786001	17306500
21.096533	22409300
21.045832	16501300
21.07118	14087100
21.07752	13292400
20.83037	15790500
20.8367	13320100
20.418449	19942200
19.974848	24647400
20.183969	16011200
20.336063	13732800
20.405777	13706400
20.031879	14707900
20.209318	16281700
20.469145	14146600
20.367746	14041800
20.773331	17800500
20.728975	13998500
20.690947	16269200
20.602226	13402200
20.678276	15862300
20.779667	15740300
20.779667	9121000
20.766996	7876200
20.640245	9376100
20.779667	16618400
20.8367	11502500
20.995134	13834000
20.811356	11664900
21.128218	18990800
21.331001	26992400
21.457747	26170600
21.470425	16241400
21.388037	17123000
21.432398	13829300
21.248621	12561300
21.248621	9464800
21.685886	29386500
21.679548	19778800
21.83798	15252500
21.502108	20379800
21.304489	15236500
21.298115	13324000
21.113241	16905700
21.234364	15419800
21.32362	14456500
21.40649	21029700
21.655106	15692800
21.750721	15533200
21.706099	12494100
21.916468	14339400
21.642357	13949100
21.508486	18347800
21.674225	8777300
21.686974	12101400
21.489355	15327300
21.329987	12660400
21.387363	15124500
21.604107	15138600
21.310865	16378800
21.176994	16417300
21.272617	16663700
21.004869	16494100
20.973003	14662900
21.438362	20066700
21.642357	16688900
21.69335	14379900
21.750721	18331000
21.706099	12919200
21.706099	16923000
21.884598	18906600
22.369081	25234000
22.432827	20886500
22.388199	13419300
22.579445	15814700
22.515697	17046000
22.821682	14375300
23.108551	18832400
23.012928	14334400
23.012928	13142000
23.1723	18648200
23.478287	15703100
23.121292	21810500
23.006552	15358700
22.828064	21021100
22.719698	16805700
22.59219	7889900
22.502943	21630500
22.541197	23067400
22.961931	21709800
22.910933	15978300
22.840816	15164900
22.73881	11704500
22.509323	18764000
22.764307	16388600
22.961931	15881900
23.38904	32039000
23.892645	28195500
23.828901	26370400
23.835272	20391100
23.65678	23825700
23.427286	34996400
23.65678	17123800
23.695021	16388000
23.624495	17393600
23.579596	10598200
23.451351	9898700
23.528299	12817700
23.444927	11195100
23.470581	10461800
23.406452	13161700
23.464169	22229100
23.182011	18847600
23.040934	18957100
23.226902	19134500
23.085819	15004000
23.028099	16452500
22.701059	18909500
22.880621	22979500
22.592041	14432800
22.778008	14576900
23.060165	20237800
22.726709	12727900
22.681818	17902900
22.527916	28101200
22.61128	22686400
22.893431	21843600
22.758772	22038000
22.835728	18429400
22.925507	17750700
23.169191	17209600
23.265377	18612200
23.246141	13941500
23.130713	13180900
23.246141	17661500
23.233315	13847800
23.361563	17573200
23.143538	19199600
23.117878	12948300
23.233315	16082100
23.291023	10485300
23.335917	15600300
23.226902	13504500
23.105061	16210200
23.008871	22154500
22.668997	21579300
22.617689	19486700
22.940344	16036000
22.98551	14245300
22.714485	18632100
22.727394	16205500
22.972601	17742100
22.940344	17962800
23.308159	20328400
23.314608	12287100
23.269445	12023100
23.062946	15552300
23.314608	15612000
23.114571	13175700
23.372694	17319100
23.230724	17383800
22.979059	17691300
22.824183	14730400
23.153286	42768400
23.237179	17066200
22.908073	18172900
22.908073	22454500
23.05649	17984800
23.211369	14165300
22.927429	18153600
23.359785	19137900
23.269445	17149200
22.888706	20718800
22.740297	20584500
22.908073	15926500
22.908073	13934200
23.08876	14381100
23.062946	17180300
23.114571	11558000
23.288807	19463700
22.998419	20304400
22.908073	25111400
23.069399	41834600
23.230724	27441600
23.230724	20234200
22.920982	23659100
23.308159	19190600
23.295252	19826000
23.475945	16665900
23.34688	17945700
23.488848	17673400
23.017771	21905700
23.359785	23407900
23.39205	13760300
23.295252	26362200
23.359785	18072900
23.133934	14924500
23.133934	17857700
23.379139	14586300
23.121025	18040900
23.353334	15190700
23.14683	16027900
23.03713	18241000
23.385595	15510300
23.527561	14821200
23.811501	23330600
23.824389	13872800
23.876026	16921500
23.992178	15170300
23.921202	13396300
23.785673	12197000
23.837299	10943400
23.798592	8513400
23.540464	20204200
23.830856	14898200
23.811501	19726200
23.682436	11988700
23.624361	11998000
23.772776	17090900
23.746954	12785400
23.740505	11781300
23.637259	13645700
23.585634	14034500
23.495289	14794400
23.437212	17995200
23.301704	16058800
23.553375	35257600
23.411407	16094400
23.32752	21996400
23.050039	29200400
22.504623	48926900
22.582544	67540500
22.472166	23402900
22.822792	28127300
22.725391	21079600
22.49814	33225600
22.556583	20273000
22.543587	26441600
22.283869	21047000
22.192966	30201400
22.718901	30279500
22.796818	19597800
22.790327	17591900
22.842262	18137600
23.134449	28649600
23.069513	45331400
22.855253	17413200
22.939659	22167000
22.920181	18471700
22.725391	16290900
22.77084	15019400
22.576054	18132200
22.530603	16392100
22.595528	16689500
22.647484	16256500
22.400736	19735300
22.238422	19285400
22.238422	19209400
22.212446	17914200
22.082588	18816200
21.952724	18660800
21.920259	14180700
22.167002	17513500
21.998184	20809100
22.40724	21243000
22.238422	17189500
22.212446	13677400
21.998184	16588800
22.141027	16115900
22.069605	13641400
22.043627	13573300
22.056616	13591500
22.056616	15352800
21.777428	19392300
21.751448	16387700
21.673534	17598900
21.816374	18578600
21.58263	26793900
21.822872	27247300
21.517698	26917100
21.641062	20146700
22.037134	27486700
22.082588	21913600
21.978691	17878700
22.063114	19448000
22.355288	24023300
22.257896	21236400
22.108557	16835500
22.322823	18851100
22.381266	40118500
22.108557	23672500
21.972212	19085700
21.783913	22010500
21.764305	21734200
21.829666	15630000
21.744707	19488300
21.986519	21821400
21.888491	16784300
21.993059	22081300
22.00613	21274500
21.718548	24259900
21.470192	27104900
21.359083	23034000
21.953848	33448000
22.365597	28726600
22.215279	17581100
22.091099	18281100
22.091099	18503900
22.234884	20034000
22.444025	27776200
22.22835	23960100
22.221811	19848600
22.48978	23067100
22.143383	20431100
22.045338	22503600
22.306778	16519000
22.162989	18728000
22.025738	21563400
21.947311	17207200
22.25449	21614500
22.162989	26088500
21.960379	20620100
22.097631	22910700
22.208738	17993200
22.234884	16657800
22.234884	14892600
22.064955	14820300
22.169529	17845500
22.548607	29076500
22.646648	13807300
22.483246	14222300
22.483246	14971200
22.574749	16478700
22.653175	16120400
23.365585	59164600
23.659698	33891600
23.568188	25731800
23.489767	17528500
23.659698	9330700
23.515909	18708100
23.483234	23345500
23.34597	24312400
23.365585	21328400
23.202185	25442600
23.378656	24162400
23.398266	26517800
23.247934	28240900
23.104151	21764400
23.221788	17448100
23.234867	13760900
23.182577	25389300
23.378656	21902600
23.52898	34030300
23.568188	34703300
23.411327	21073000
23.228327	21008900
23.084541	22848200
23.314922	17478700
23.314922	10709400
23.077959	17068100
23.110867	16795500
23.163538	16141500
23.071377	18062700
23.282021	33221200
23.249096	24017100
23.189857	18857700
23.347839	22084000
23.288599	20716000
23.163538	21041600
23.321508	22394400
23.038471	22159000
23.104286	17216600
22.998968	16068800
22.919977	20154300
22.827833	29312200
21.965532	88077400
21.912874	38813000
21.695654	46479200
21.564007	51385700
21.735149	48852100
21.68907	43318100
21.675909	35384400
21.557421	39694300
21.814133	38064300
21.656164	30467300
21.623241	25827600
21.557421	23161900
21.267801	36790700
21.550842	26756000
21.669327	26323300
21.906288	26559800
21.886543	20007900
22.024775	29264900
22.024775	18831700
21.952364	23891400
22.123507	25349000
21.958948	19904800
22.143255	25721900
22.057041	22148300
21.977472	18274200
22.096834	19327800
21.798414	27699900
21.725451	24492900
21.785149	25137600
21.924416	25562500
21.950937	21410600
21.9841	21748800
22.169786	25081100
22.017254	24211500
22.315685	25769300
22.328945	19519200
22.401886	19639000
22.826324	36577000
22.799795	31356000
22.886007	40595800
22.879374	16125800
22.77327	20038700
22.899265	16153000
22.627371	20582500
22.514631	14449100
22.408525	15116800
22.28252	22907700
22.501368	25037000
22.978844	43659200
23.06506	37386600
23.005371	22345100
23.012007	21566000
22.826324	19543000
22.886007	20220000
22.567686	23689900
22.494736	22954500
22.580944	22965700
22.852846	26151400
22.47484	37667700
22.076942	35390600
22.461582	33343700
22.47484	24621500
22.627371	25389300
22.527899	29243100
22.501368	16404600
22.527899	22714400
22.634005	23055800
22.832951	25273600
22.939062	24803500
22.806431	17806100
22.866116	16448500
22.813059	22185200
23.078327	21850000
23.317066	26062000
23.210964	16377200
23.210964	16750200
23.012007	21285000
22.886007	22787700
22.733475	22758100
22.919168	23032000
23.071695	23385300
22.826324	25524300
22.64727	24158400
22.653904	30012200
22.594212	26709500
22.554422	22298400
22.720219	29144100
22.826324	20139000
22.76663	21189700
22.580944	22156400
22.720219	30276600
22.912529	19625200
22.985479	21166600
22.693687	18284600
22.912529	28871100
22.813059	27927000
22.925793	37313000
22.594212	25692800
22.461582	18250000
22.368729	31740100
22.481478	24080400
22.620741	31632100
22.501368	33852300
22.362099	20445600
22.348843	27593000
22.328945	30968500
22.208685	25343900
22.155231	20503000
22.188635	19402700
21.968157	23559700
22.001562	20323800
22.228725	28362400
22.021606	38877500
22.268814	11967000
22.255455	25643300
22.382395	20027600
22.248774	20320700
22.348991	15835100
22.222046	22385000
22.088421	21533500
21.82785	31440400
21.453691	49234200
21.620726	23565600
21.68754	26257800
21.968157	25493500
21.700901	20572500
21.547228	29394200
21.794439	22863200
21.847887	22117100
21.834526	21298800
21.814484	21630300
22.061691	21096900
21.841204	22767500
21.754353	16690400
21.781078	16642400
21.867931	19370500
21.914703	16006100
21.841204	15692700
21.607365	23746300
21.567274	18216500
21.82785	23892500
21.714268	15347100
21.928064	24949800
22.181961	20290300
22.522707	23881000
22.663012	17518400
22.716467	17108300
22.689737	12792200
22.689737	15866100
22.576157	18150500
22.616241	14552100
22.609566	11642200
22.669693	13317500
22.843407	18400500
22.896858	14384800
22.75655	18456500
22.810005	19690100
22.696415	18110300
22.683056	18653700
22.743189	29751500
22.723143	14335300
23.003757	21509600
23.164103	22489800
23.277691	26832200
23.2376	20489400
23.284365	33383400
23.297737	22906600
23.284365	18691000
23.397951	24666500
23.17588	26426400
23.148966	17535500
23.47871	22462200
23.848814	35876800
23.781532	26501700
23.87574	19482200
23.754608	20444900
23.889196	20810200
24.030508	33103000
24.292955	30877800
24.42082	25012200
24.319874	18824200
24.333334	18366300
24.42754	23452200
24.340061	19470900
24.373711	23366500
24.212202	42578100
23.929575	31779000
23.929575	24926100
23.929575	27529300
23.741152	26200600
23.869009	27306300
23.909386	26087600
23.835358	21836200
23.963219	22101800
23.94976	19986200
23.694042	29661400
23.687313	16477100
23.626753	26628000
23.485439	24251600
23.357574	23411200
23.397951	19068400
23.734425	26821200
23.916113	24410500
23.943026	17891600
23.747877	18721400
23.667122	17988200
23.794989	20829000
23.94976	28516900
24.084351	23772200
24.19875	22899700
24.393904	30558800
24.212202	20053600
24.091078	25107200
24.218937	18785000
24.017054	7260600
23.855541	24611300
23.687313	24975900
23.78825	18155700
23.741152	23653800
23.741152	23993600
23.815174	18821400
23.734425	30242900
23.626753	40309500
23.660398	25591400
23.734425	22361800
23.700779	30071800
23.98341	49751600
23.889196	45178300
24.366985	43231200
25.14086	88383400
25.571537	50056900
25.578266	31371700
25.67248	36884600
25.604689	24847000
25.469107	15578900
25.564007	11997100
25.618244	16016200
25.408094	16862500
25.225058	25271100
25.740261	43222800
25.591133	31288800
25.462328	27027200
25.45554	23713700
25.45554	24597400
25.462328	23996600
25.706367	30831700
25.686035	25944000
25.835176	31118200
25.747046	30462800
25.760609	41603000
25.048798	62906000
24.913218	41384700
24.777624	35136000
24.838646	21458500
24.635275	25830200
24.452234	25923800
24.53359	24947500
24.425123	43142100
24.438681	36164300
24.560701	37868900
24.587816	25107200
24.655611	26202100
24.614939	22730000
24.472572	21371700
24.228527	33678200
24.086161	29808800
24.16074	19010300
24.248863	22963000
24.723406	31908100
24.499681	28618800
24.316652	31049400
24.479362	23545600
24.343773	34670300
24.186626	37663800
23.981651	38152200
24.145632	28910600
23.68103	62678500
23.851839	50719300
23.913332	51383500
23.824511	45176900
23.605867	32849400
23.722023	33997500
23.455563	38987200
23.537554	29124500
23.448723	34229800
23.530716	30206600
23.291588	38898100
23.441893	40571200
23.585379	35824800
23.476063	44797300
23.687853	26529200
23.756182	28264400
24.241282	50433800
24.466751	33626200
24.473579	33463800
24.596565	29675300
24.453089	29677300
24.28911	41421500
24.28911	27471800
24.159298	34170100
24.111469	23496200
24.131975	30965900
23.988487	34697400
23.926992	26625300
23.763018	26455900
23.831339	29279000
23.879173	30476200
24.036316	30793700
24.172964	35642900
24.159298	33804400
24.049976	38380300
24.002146	37991100
23.913332	40445800
24.002146	58379100
23.776684	35156300
23.749357	37428300
24.193459	45024200
24.487253	46165000
25.170486	91716200
25.184158	50198700
25.348125	43961300
25.491617	40259500
25.512104	28153700
25.382298	30037900
25.443785	20777200
25.334478	26647400
25.457445	29427300
25.129494	27343200
25.259306	20651300
25.006512	27717300
25.033836	27736000
25.163654	26256900
24.958689	24368900
25.252474	41488700
25.348125	40597400
25.512104	30558500
25.689745	34278400
25.539436	30739700
25.662424	23889400
25.553101	29198000
25.778574	27003600
25.676086	31646500
25.587263	33109200
25.833225	34911500
25.553101	40635100
25.477951	34084300
25.115828	39377900
25.498442	29990000
25.594093	26469600
25.313969	32060000
25.717087	33337800
25.826399	34712900
26.045031	47601000
26.010874	25513400
26.844408	77668000
26.694109	60170600
26.700994	44395000
26.315622	68234100
26.294971	49237500
26.164209	44628400
26.191746	41402000
26.233042	34142200
26.343128	44692300
26.329374	29638100
26.63217	21840100
26.522066	25965900
26.480778	29816600
26.577124	30673000
26.081636	39454000
26.288095	33287400
26.838634	45038400
27.182716	76036800
27.609371	40421500
28.015398	58070800
27.836472	49818000
28.015398	29766400
27.609371	49281100
28.091091	33443200
27.678192	46059200
27.815817	42112100
27.20335	62534800
26.694109	48117000
27.024435	40083100
26.673468	42776700
26.804228	53567800
26.859268	37044300
26.191746	47529100
26.907448	52644000
27.168943	46746500
27.843349	46489800
26.797337	59968600
26.308727	85565300
26.267439	42033200
25.930244	44154300
25.393471	54278800
25.599918	65690100
26.460133	62381500
26.301859	40280900
26.39131	35179100
26.934963	38506200
26.9212	33114200
27.120768	34819900
26.838634	22993100
26.184868	37497900
26.639053	41461200
26.425728	23134600
26.749163	37353000
26.866144	33307800
26.666582	37526500
27.113892	39434400
26.666582	44963200
26.969385	38022400
27.182716	33884900
27.457981	42074100
27.877764	44912600
27.767654	35863400
27.650665	24279200
28.682917	51485000
28.744852	44474000
28.571651	32488600
28.578571	38359500
28.301456	28985800
28.474653	26637500
28.592432	31994100
28.675575	22972100
28.682501	29719900
29.112043	43856400
29.181326	19289600
28.786413	26324400
28.890347	16047500
28.938847	21788300
28.772575	14509600
29.112043	19546800
28.966562	19224100
28.821064	29735500
28.426159	51405700
28.280664	39797900
28.246025	35265300
28.405376	44148000
28.25989	32216900
27.74028	56690600
27.830343	28506600
28.045109	26887100
27.87191	41178800
27.823416	43908200
27.975832	25715200
28.10054	26741300
28.045109	25866500
28.516222	34248500
27.94812	38069200
27.941189	36934300
27.85112	29697000
27.837263	42131000
27.075174	46720100
27.0336	52970300
26.590206	42681300
26.500145	36968000
27.165243	42053400
27.026678	39739700
26.541714	41590000
26.777269	50181100
26.437786	35415000
26.354649	43297000
25.75189	64494100
26.098295	23497800
25.447062	41991200
25.945881	44439800
26.645626	51944300
26.423922	35714300
26.527853	54198600
25.585625	68397100
25.11451	58806700
25.433199	57624400
25.814245	35574000
25.793472	32599900
25.918171	44738200
25.654903	66540600
25.807325	51360800
26.03595	35986600
25.571764	41837600
25.273863	40371800
25.495554	42218800
25.33621	40027000
25.517885	33661900
25.951097	75990100
26.223612	16966100
26.237587	21648600
25.986032	23369600
26.090847	22747000
25.902184	24131400
