25.739653	2573000
25.701124	2505600
25.778179	3620200
25.990101	2494800
25.681843	1951400
25.469929	7983000
25.527725	2537400
25.932322	1640000
25.913046	1814800
25.431389	1310000
25.662582	2527000
25.662582	2081600
25.39286	2229800
24.891935	1913800
25.142395	2009800
25.277252	1663800
24.834135	2349400
26.047907	3438600
26.298372	2621600
25.739653	3089800
26.780029	2847000
27.242411	2558400
27.069006	1492000
26.972675	1540400
26.99194	1504200
26.857086	1276400
26.510294	2513600
27.088291	1373400
27.338743	2075600
27.12682	1920600
27.165352	1409800
27.258417	1605200
27.142076	1312800
27.277798	1573400
26.676798	1606400
26.289034	2126800
26.444149	2036800
26.754333	1933200
26.46353	2182400
27.607378	3509400
27.529827	2657800
27.878788	2129000
27.587988	1604000
27.78186	1690000
27.878788	2612400
27.956347	1604200
28.09206	1411400
27.975727	1895800
27.840015	2511400
28.382862	3889400
28.945091	2306200
29.080797	2518600
29.216509	949800
29.061413	2101400
29.177736	1400400
29.449154	1313600
29.623648	1599400
29.643036	1229600
29.352207	1708000
29.080797	1848400
28.227758	3279600
28.576731	2779200
28.69305	2294400
28.576731	1406800
28.479792	1551400
28.69305	2101600
28.731834	1593000
29.177736	2034600
29.390997	1939000
29.158356	1768400
30.069555	2246600
29.895075	2064200
30.224642	1662000
29.972616	1232800
30.127714	1337200
29.623648	1665200
29.235903	1049400
28.634886	1346400
27.975727	1888400
28.69305	1981800
28.828772	1371200
29.274683	1538000
29.410376	924600
29.991999	1417600
29.875662	1287800
29.119576	969000
28.67367	1440000
29.138966	1499800
29.119576	1326600
28.925705	1560400
29.294056	1488200
29.681812	1494200
29.739964	1675000
29.739964	1248000
30.069555	1389400
29.948662	820800
29.617205	999200
29.870682	1338200
29.792686	1357000
29.909676	1681800
29.636694	1088600
28.895784	1455600
29.363726	1636000
29.110266	1197000
28.622807	1051400
29.012766	1248600
29.207748	945800
29.383224	904600
28.973766	1023200
27.569931	3020000
27.433449	4191800
27.082485	2643200
25.269186	6116800
25.34717	4175800
25.71763	3387600
25.698143	1445600
26.049101	3002000
25.912617	1610400
25.659149	2072200
25.71763	1683800
26.146597	2572800
25.854111	1215400
25.912617	1947200
25.639639	1656600
26.16608	1634400
25.659149	1147800
25.71763	1587400
25.620144	1704000
25.542143	2901200
25.561661	2299400
25.171701	2420600
25.035217	2446600
25.34717	2127400
25.444654	1678200
25.756639	1559000
25.990601	1646400
25.912617	1525400
25.581141	1392400
25.093712	4047400
24.411301	2707000
24.099323	3684400
24.450272	2468200
23.982332	2492400
23.650869	2241800
23.572887	1410600
23.436386	2380200
23.319395	3076200
22.96843	2714400
23.631357	2668400
24.138319	2971000
24.411301	2287600
23.845848	1749200
23.865343	2231800
24.352783	1678600
23.884842	1484600
23.572887	1689800
23.728863	1765600
24.177309	1882600
24.330471	1936600
24.035921	1833400
23.603905	2944600
23.564621	2001800
23.702084	2609200
23.289707	1405200
23.191526	3485800
22.81842	2469600
21.52236	2380600
21.384895	6328800
21.718725	4308400
22.209665	3314600
22.072199	1959800
23.230797	2558800
23.132607	2514600
21.934738	1993400
22.484581	2089400
22.19002	3414000
22.327484	3273200
23.05406	2505000
22.268576	1713000
22.30785	3262000
22.445307	1947600
22.30785	1941200
22.975513	2244200
23.05406	2271000
23.348618	2339800
24.232292	2257800
24.251938	2919000
23.152248	2592600
22.798775	1875600
23.486084	2564200
22.877325	2203800
23.191526	2034800
23.996643	2813000
24.350121	5761800
24.860685	2528000
25.312332	2966200
24.978497	2046600
24.978497	2061000
25.822905	2810200
26.745853	4376200
26.608379	2229600
27.177866	2604400
26.470928	2725800
25.587255	2813200
24.330471	2515400
24.66431	1374000
24.625029	1419000
24.369743	1873400
25.017778	2268200
25.017778	1746200
25.233788	1554800
25.135593	1477800
25.273067	1253200
25.842541	1143600
25.331976	1177600
24.899954	1188600
24.134106	1868600
24.153734	1778800
24.173391	1760600
24.173391	1396000
25.194521	1901200
25.017778	1977200
25.962959	2827400
26.160706	2689000
26.318899	2678400
26.912113	2844400
26.417763	2194000
26.536398	1539200
26.081598	469000
25.468624	2267800
25.745457	2250800
25.607033	1789800
25.132465	1754000
25.389528	1595600
24.381065	2666800
24.63813	1953200
24.598572	1654600
23.570347	3315400
23.15509	2816200
23.550558	2110200
23.33305	1963200
22.58165	4531400
23.17486	2293200
22.383902	3136000
22.304823	2175400
22.383902	2222600
22.799162	2064000
23.253969	955400
23.530802	1929600
23.768078	1829800
23.15509	1520000
22.502556	2504000
23.609888	3661000
23.74831	2468600
24.85564	3169400
24.282192	2173000
24.400837	2567000
24.85564	2351600
24.598572	2082200
23.807621	2237800
22.818945	3022400
23.590111	2421200
23.016672	2792400
22.10708	3944800
22.962301	3153400
22.561865	2218600
23.768078	5789000
24.005363	2897600
23.471468	2735000
23.92626	2136800
24.559025	3128200
24.361298	3423800
24.005363	2636200
23.609888	2572600
24.203106	3008800
24.736992	2721400
24.203106	2723800
23.807621	1660800
23.847168	1552600
24.321741	1651000
24.479929	2112600
24.183329	2657600
24.242296	1758400
24.321962	1582000
24.461411	1922400
25.019156	2675000
24.800045	2283400
24.282127	1942400
23.983335	2580400
23.604856	2112800
23.44549	1825400
23.704449	1667000
23.843899	2417600
23.963409	3049200
24.580914	3117200
24.501247	1953400
24.800045	3018200
25.656591	4626600
25.53706	2659600
25.616739	3039000
25.397627	2360800
25.039082	1827400
24.341877	5568000
23.46542	5286200
22.788151	4685200
23.086939	2436000
22.827991	2408400
22.748304	1765400
22.588955	3027600
22.409679	2403600
22.728392	2060200
22.389753	2018000
22.549118	2101000
23.186546	2106800
23.266222	2763400
22.927586	1647600
22.728392	1504800
22.84791	1810600
22.688551	1668400
22.628794	1691600
23.226391	2185800
23.983335	5097400
25.258194	6618800
25.477306	4517800
26.85177	7538000
26.015148	4546000
26.33386	2093000
25.477306	2084000
25.756187	1779400
26.09482	1748800
25.756187	1938600
26.931438	3297600
27.290001	4517000
28.36566	10503000
29.919407	7809200
29.93932	6171400
29.441332	4922000
29.361662	2370400
29.600695	2207800
30.019007	2422200
30.277977	3997400
29.919407	2310200
28.983185	2846000
28.783983	2142400
28.445345	1472200
28.066881	1849400
28.66748	1301600
28.687523	1248600
28.527159	1561600
28.807806	1804800
28.747675	1723800
28.487062	1789800
27.58493	2532200
27.504734	1602600
28.286596	3215200
28.64743	2228800
28.627396	1231000
28.146276	1537400
29.088472	1772600
28.687523	1820800
27.985882	1515600
27.925734	1531400
27.564886	1562800
28.627396	1516200
28.807806	1496000
29.128578	1588600
29.068432	1049800
29.188719	2019000
28.948143	1006600
28.747675	1107000
29.268906	1622000
28.46701	1695800
28.306616	1419600
27.905703	1447600
27.925734	2187400
27.885635	2506800
27.965832	2212200
28.507118	1388600
29.028336	2234200
28.988232	985200
29.108519	1306800
28.727627	1482600
28.326689	1330000
28.687523	1601400
28.226439	1626400
28.1663	1022400
28.206406	1959000
28.326689	1510400
28.687523	1647400
28.867952	1150000
29.088472	1391800
28.707577	1358400
28.527159	1639200
28.507118	1215600
28.587292	788400
29.128578	3090400
28.206406	2309200
28.607347	1888200
28.908045	1950600
29.429274	2998200
30.291309	4513800
30.752396	3401800
30.391529	3123600
30.551918	2858400
31.073147	2959000
31.033056	2528000
31.333755	2544200
31.433998	1337200
31.413948	1442000
30.828432	1467000
31.070385	1845200
31.110703	1679200
31.917194	1844200
31.816387	1616800
32.038166	1992400
31.776066	1814800
31.513958	1745200
30.646971	1736000
30.485676	1898800
30.546158	2636800
31.070385	2002600
31.372812	1470800
31.876875	1680200
32.098686	1482200
31.776066	1014400
31.513958	1235600
31.776066	1594600
31.312334	2165800
31.493799	2256800
30.989742	1350000
31.695427	2626600
31.675253	1258000
31.15103	2158200
30.848589	1656000
30.727623	2217400
29.618681	2582000
30.12274	1686400
29.900946	1456400
30.344524	1919200
30.989742	2767400
30.445341	2023200
29.981607	2498200
30.142904	1667800
30.324354	1854600
30.727623	1486200
30.727623	2144600
30.646971	1206000
29.800154	3577400
29.296085	2506600
29.638842	2151000
28.832352	1831600
28.610554	2599400
28.993656	2033000
29.154951	1179200
29.356567	1715200
29.860638	1747200
29.941286	2877400
30.909077	3718000
31.473629	3543200
31.251837	2204800
30.667128	4208600
30.324354	2182000
30.606642	2790600
30.485676	2461800
30.566332	2422400
30.86875	1512800
30.646971	1788200
30.344524	1645800
30.566332	1695200
30.324354	1372400
30.86875	2871400
31.433292	1604800
32.62289	3260200
32.926212	2313000
33.351971	2718000
33.189777	2365400
32.09494	2019000
31.365046	2535600
31.162289	2883800
30.979813	818400
30.797356	2673000
31.000109	3230800
30.635162	2062600
31.527239	2617400
32.216591	3060600
31.73	1282200
30.168842	2190400
30.493237	2124600
30.39187	1541400
30.47295	1440800
30.407032	1752000
30.554054	2668600
30.898724	2979800
30.39187	1622800
30.858177	4574800
30.320894	2131800
29.844444	2796000
29.945827	2295800
30.189112	1703600
30.412121	1861000
31.42588	1786400
31.628632	1942000
31.263662	1706400
31.750277	1021200
30.614885	2173400
29.398392	2713800
30.249941	3699400
32.682892	5975800
33.331699	4101200
33.169502	3863800
32.60181	2357600
32.682892	2868400
32.682892	2244400
32.216591	2541800
31.506969	2114800
32.054379	2628200
30.858177	3104600
30.797356	4491800
30.087738	2971000
29.641685	3691200
31.243397	7020800
31.22312	2914800
29.92555	3747400
30.371593	3282800
30.533779	2642200
30.006636	2924200
29.743073	3520600
28.891521	3293400
28.425207	3935400
28.445486	2884000
28.425207	2600400
27.898066	4020000
26.904608	4491600
26.88434	3356400
28.911812	3736000
28.648232	2581800
29.074003	3405400
28.404936	2864200
29.236195	2884600
30.139776	4460800
29.71126	3800200
27.997141	3627200
28.221603	3076600
28.792969	2765400
28.119574	2891600
28.099171	2186000
29.221508	4581000
28.486889	2052600
27.017653	5195600
26.956438	4693200
26.425879	3258200
26.609535	5751600
25.793289	3787800
25.834093	3156600
26.936028	4240000
28.752171	4804800
28.037954	4068200
28.40526	2727600
29.527597	3827600
28.07876	4404800
28.40526	4972000
29.670441	5925000
28.935827	3254200
29.017445	2448000
28.609316	3280800
29.058239	3155800
28.915421	2459200
29.996941	2871400
30.343843	4841000
29.752062	2875800
30.486687	1756400
29.915316	2501200
30.282619	2110600
31.160082	2952200
30.894796	2454600
30.935612	4152200
29.650034	6141600
29.343948	2893600
29.343948	2419200
29.527597	1665200
30.119375	1983800
31.792665	3558200
30.629526	9044200
29.037846	6956600
28.548094	4835200
28.282822	2947000
28.38485	3476400
28.38485	2459200
28.017557	2445200
27.895113	2766200
28.303228	2376400
28.507292	1760000
28.07876	1949200
28.05835	1998400
28.05835	2347400
27.71146	1838400
28.05835	2635000
29.405153	4051400
28.917995	2193000
28.609924	1599600
27.767843	2749400
27.665148	2568600
27.644613	1528400
28.979603	3241000
27.911602	2512800
27.60354	1784600
27.973223	1573200
28.178617	2137000
27.891073	2034000
27.706217	3331600
27.952688	2704600
27.049004	3139200
26.864166	3176600
26.864166	2483200
26.925768	2146200
26.936028	2021400
26.905233	2151200
27.665148	2748600
28.404535	4171400
27.747311	3842800
27.439232	2423400
27.007915	2799400
28.34292	3272600
28.281313	2798200
27.747311	1579600
28.096458	2224800
28.46615	3072800
28.286436	2110400
28.116991	2552800
27.274931	3603600
27.624071	1629400
29.082304	3385400
28.445614	2555800
28.301838	2649200
28.650993	2613800
29.226068	3193600
29.595762	3123000
29.43145	1662400
28.876913	2259000
28.671545	1871400
28.917995	1502000
28.425072	3098800
28.425072	2226600
28.383993	1425800
29.267143	2589800
29.020685	2013800
29.102831	3960400
29.246605	2069400
29.903828	2395000
29.595762	2240400
29.369829	2711400
29.657364	2003400
29.554674	2093400
29.575212	2032800
29.862759	1593400
30.027063	2862400
30.396749	3140600
31.177208	3862000
31.793371	3663800
31.44421	2292200
31.177208	1630800
31.074514	1871000
31.300442	1728200
31.259359	1513000
31.19775	1057200
31.649576	1498800
31.71735	1747200
31.34543	1656600
31.655373	1572800
31.448753	1608000
31.283443	1900600
30.870193	1784400
30.751368	2093200
30.580908	3204400
30.498247	2271600
31.118151	2737800
30.291637	3829800
29.733744	3726800
29.403143	2630800
29.113852	2537400
28.597279	2644000
28.101372	3947600
28.142704	4802000
27.502155	4220200
27.729452	3305400
27.026922	4520000
28.576618	5820200
29.175842	5092400
29.754398	4293800
29.713064	5865800
29.733744	5071600
30.291637	3306000
30.12632	3258200
30.312294	2493400
31.076824	2911600
31.572723	4045800
30.828856	2555200
30.477602	2792000
30.332958	1789600
30.787542	2328800
30.828856	2367200
30.043674	4886800
30.085009	6227800
30.477602	2857000
30.12632	4001600
30.12632	4213400
29.423794	4775400
28.845226	10243000
29.692411	5694200
29.775066	2279400
29.795719	2882400
30.477602	2265000
30.911526	2140800
31.407421	2955200
31.944668	4168000
31.448753	2673200
31.386755	2785800
31.366087	2503000
32.192612	3368000
32.047977	1812200
32.171944	2876400
32.192612	2205800
31.407421	1960000
31.34543	2245400
31.407421	2655000
31.531397	2950600
31.510742	3067600
31.738037	3314400
31.283443	3055400
31.829821	2340400
31.871393	2156600
31.871393	990800
33.014858	4653800
32.890114	3735800
33.30592	2641200
33.222752	2936400
33.139591	2528600
34.927551	12211000
38.794537	29116000
38.295551	12515200
38.150036	7502400
38.898472	6358600
38.337139	3296600
37.879757	4116400
37.858971	2852600
36.923416	4081200
37.318432	5946400
38.12925	4021800
37.838192	4642000
37.567898	3838800
37.484745	4810600
37.505539	3660000
38.253994	1999600
39.646931	2565600
40.561703	4287200
40.083538	2754200
39.646931	4651200
39.189548	4754400
39.584553	4060400
38.108459	8367000
38.337139	5486600
37.734222	3962800
37.360001	4344400
37.297646	4190600
36.486824	3655800
37.755035	4247400
36.590767	11552200
36.258125	5365800
35.509674	4061600
36.216541	4052400
36.923416	3528800
35.634434	3703000
36.424446	4224000
35.696789	2956000
35.689304	3075400
37.056473	4625200
36.806988	4077800
37.106365	3784600
36.16832	3324200
36.514256	3290600
37.142952	3080600
37.216148	2803600
37.272694	2102400
36.810322	1741800
37.415737	2721800
37.967922	3377200
36.913441	4208000
38.170822	2804200
37.661888	3509600
37.868118	3459400
37.206005	3193800
36.868252	4349600
36.918419	5620400
37.236092	3368000
37.787857	3815800
37.704258	4183200
36.65089	5021800
37.229416	5335400
37.52034	2659000
37.537067	3172200
37.764454	2920800
39.189022	4856800
38.928185	6008200
37.386589	5499600
36.015514	9926000
35.951969	11314000
36.530491	4221600
35.450375	6756800
36.109142	4714400
35.192875	5505000
34.65448	8985600
34.045872	13475400
34.025799	7820400
34.788242	5447400
35.249714	6526400
35.055763	4470600
34.376923	4987000
34.744766	3696200
34.126122	4640600
33.410477	6518000
32.979103	8049800
34.520721	5920400
34.109402	3722600
34.972145	3954400
36.306438	7774400
35.717892	4574400
36.025551	3257600
36.94516	4091600
36.416801	3664400
38.79108	6839600
38.958275	3849400
37.620663	4346000
38.891403	5980200
38.827858	6300200
39.135525	3360200
39.403042	2607000
39.787613	3171000
39.797642	5043400
39.296036	3515800
38.974995	4315800
39.376297	4016800
40.125351	4185400
39.426464	2934200
38.911476	3610000
39.102074	2607800
39.473263	2344000
39.252556	2259800
39.560211	1640800
39.510044	2843200
42.182137	7170600
41.580513	8058800
41.358681	3933200
41.372112	2800000
40.669636	4311600
40.548641	2805600
39.990688	5119800
39.920105	2095000
40.249504	3110800
39.442833	3375000
39.856258	3122800
40.135227	4273800
40.333519	2398000
40.837711	3104800
40.867939	3007600
40.938538	2293800
40.370502	1930800
40.447823	1700200
41.032646	4083600
40.988956	2817000
40.588959	2752800
40.629311	5069200
41.083061	3260600
40.454529	3400400
39.862972	6549400
39.103355	7828600
39.251259	2918400
38.884892	3780800
38.652966	4600200
38.417698	3741000
38.942024	2937800
38.35046	4077400
39.412582	11605600
39.268044	2464200
39.136982	2476000
38.51852	3345600
38.602551	3938200
37.526978	3834200
37.557243	3926200
38.158886	3116000
37.721939	2790400
36.989212	3138800
37.933681	4070400
38.232834	3767200
38.53532	4547400
37.980732	3592600
37.416065	2763200
35.98423	5238200
37.09341	3752200
37.463135	3007400
37.469837	2186200
36.720318	2091400
37.60429	3270200
37.308502	3209200
37.405979	2204000
37.553879	2241200
36.760658	1872200
37.258099	2257000
36.364037	2580200
36.138844	3115400
36.921989	3292200
37.140446	2225800
36.669903	2318600
36.854763	2851600
36.643009	3492400
36.528725	4144400
36.501831	2216400
36.216156	3683600
37.115211	4081000
36.621746	2964800
37.385605	2782400
37.365345	1800600
36.942833	2438800
36.080956	3602200
35.219063	3987600
35.185253	2352200
35.33736	4309400
35.489449	4040600
35.11768	3272000
34.063129	4707600
34.543072	5046200
32.261612	7105000
31.818827	6034800
31.247623	6716200
30.527691	6416200
29.398804	12220600
30.983974	6966000
31.477463	5168800
31.561958	4282800
32.552303	4472800
33.25869	4894000
32.738178	5230600
32.856472	4148000
33.660904	4597800
33.677811	4342600
33.711605	3257200
33.275597	3651000
33.272221	2936400
34.421398	4500200
35.874771	6248400
35.317078	4195200
35.763233	2792800
35.895061	3437600
34.867554	4404600
34.796581	4013800
34.532932	4515800
36.297264	6962200
35.962646	4075000
36.064056	3121200
36.740055	3485800
37.121979	2491400
36.006592	4189600
35.611137	4158000
35.279915	3176400
35.918713	3289200
36.571041	3054600
37.348423	3513400
36.969872	6284600
37.331524	3299000
37.652645	3475200
37.699944	2595200
37.500523	3910000
38.331997	3097200
38.82209	3650800
38.740982	2882000
38.869404	4258600
39.450752	3208200
39.460953	3083600
39.189163	2526400
39.834671	1178800
39.732746	2420000
39.488132	2774200
38.930954	2895800
39.148392	2707600
38.927547	2455800
38.686344	2315200
39.556084	2541200
40.381645	3158000
40.371456	2181200
40.191387	2409200
39.270683	3076000
39.355633	2426600
39.409985	3045600
39.083828	2617400
39.342049	2744200
39.851662	3464400
40.599094	3605600
40.701004	2367200
40.252552	3302000
40.497162	4210000
40.571899	929600
40.983002	2089400
40.823318	1653000
40.741772	2044200
40.160812	3447800
39.797306	4287000
39.664799	3695800
39.783707	4065400
39.308064	3521000
39.087227	3065800
38.951336	3140800
38.45871	6459600
38.659164	4191400
37.969494	5101800
37.201672	5943800
35.231167	22779600
35.509743	15854000
36.284363	8667600
36.155262	4692200
36.508598	4060800
37.188087	4580200
37.789417	5438000
37.554993	3059800
36.912895	3756800
37.327381	7653800
37.711288	4525600
38.482487	4746200
37.201672	3363800
36.923084	4725800
37.266212	3949800
37.205059	2598200
37.782623	7498400
38.733921	4416600
38.788258	2706600
39.345436	2968000
39.715755	3168200
39.246906	4486600
38.727104	3964400
40.001278	3624000
39.625519	4535000
40.650307	4747200
41.14563	5658200
40.752796	5105600
40.650307	4093400
40.284801	3455800
41.101231	3850200
42.020126	5199600
41.043163	4847400
41.528221	3747000
41.377918	3769600
41.504318	3139200
41.162712	3187600
41.436005	3821200
40.821114	3308400
41.193455	3033800
41.47015	5668200
41.743439	2578800
41.572639	3806200
40.957752	2752600
40.411201	2802000
39.758739	3768600
39.523048	2450000
39.847572	2819800
39.953457	2440800
39.287338	4141000
39.372726	2370000
39.280491	2408400
38.569984	3654000
38.983322	3048600
41.651207	15237200
42.231926	5231600
42.672588	5830400
42.74773	5183000
42.303646	5051600
41.750267	3803600
41.521385	2929800
42.49836	3754000
42.194351	2379600
42.249004	2331600
42.662323	2415200
42.703331	7387800
42.453957	3782200
42.87072	4755800
43.366032	3454600
42.494942	3666600
41.893742	3056400
42.973206	3116000
43.041512	3874200
43.437771	3714600
43.383102	3572200
42.433483	3217800
42.457375	4415000
43.103004	3936000
43.143993	3004200
43.348942	4127800
43.895504	3922800
44.404484	4717800
44.23711	3493400
44.206364	2618800
44.43182	2933200
43.806698	2666600
43.376278	2843400
43.781349	2089400
44.10746	6152400
43.922077	2980600
43.520462	2714800
42.909416	4740000
42.943745	3245600
43.057011	2961400
42.720608	3623600
42.936867	3229000
43.16	2892800
42.411682	3202000
42.717194	2961200
43.252701	2967400
43.074203	3389200
43.784771	3430200
43.18404	2358800
43.269859	4126800
43.630299	2909800
44.110882	2182600
43.853424	3921000
43.530739	3165800
42.566139	5587400
42.607342	4076200
42.088997	3504400
42.023769	4717400
42.967773	3947200
42.22287	4014400
43.733295	7480800
43.173737	5736600
43.287022	4477400
44.581165	1833000
44.334003	4487600
43.939251	4564600
42.566139	6210600
41.673645	7696600
41.491692	6010800
40.811996	9856600
39.78561	6432000
40.321121	5661200
40.043087	6325400
37.375813	9727000
37.417027	12608600
38.364464	10135000
41.09692	11071000
41.175873	10389800
41.484825	5789000
43.479263	6632800
43.077633	7853000
43.194344	7425600
41.924217	5790200
41.148422	6358800
40.060238	4950400
41.642746	7741800
42.497486	6282800
43.321346	5526200
43.304192	4169600
43.125679	4786400
42.566139	6027600
43.434631	8334000
43.527328	6212200
43.451786	4568200
44.385502	4467200
44.244759	4478600
44.424129	4123800
43.886021	4742800
43.558353	3203000
43.892933	2829600
43.765308	3979000
43.109936	3087000
42.996109	3817400
43.099575	2891400
41.402504	5086600
41.61636	5602200
41.643974	4726000
42.299339	2982400
42.792587	2770400
43.182373	3130000
42.737408	3480400
42.19585	4624400
41.333504	6484200
41.067917	4202400
40.243511	5560800
40.823013	5877000
40.422894	6402000
41.205902	7759400
40.526363	4712400
39.022438	7701400
39.081081	10163400
39.926182	10742200
38.822392	6098200
37.932449	9548800
40.108997	8194000
39.484673	7531600
39.674377	6002800
39.495014	6564800
38.246338	7135200
39.243225	9842000
38.970711	8268000
40.202137	7862200
41.599125	7082800
41.719841	4810200
43.203068	7960000
42.533894	6082600
43.144432	5205400
43.223759	4869600
44.496571	8997000
44.424129	6616400
44.620731	5557400
43.368645	6542600
44.058506	4409600
43.244453	4039000
43.375526	5026800
43.920532	4005000
43.786003	3923400
44.168877	3834400
44.255108	6080600
44.441368	3343800
45.010521	4764800
44.358589	3916000
44.251648	4199600
43.585945	3246400
44.08609	5242800
44.386177	4947400
44.841496	6005800
44.669029	7480800
43.979176	4322400
44.158527	3734600
44.612591	3757400
45.399399	6488600
44.966125	4577000
44.591793	4967800
43.465302	5330800
44.931477	4127000
45.007732	1588000
44.48782	4538400
44.435822	3117000
44.366497	3522600
43.638615	3771400
43.707947	3184200
42.997379	3277800
43.36132	3715400
43.226147	3180200
42.858727	3134200
42.207096	3490800
42.858727	4889800
42.11351	4177800
41.891674	4440000
41.697578	5632400
43.025093	6973000
42.82753	2425000
42.782478	1021800
42.713154	2062000
42.058048	2322200
42.616112	3033200
42.737423	3104200
43.933224	4358200
43.766865	2754400
44.085743	3824600
44.044144	4320600
43.569283	4605600
44.259052	3804000
43.888165	3984000
43.860443	3172800
44.359566	4068200
44.026821	3286200
43.898571	3131600
43.784184	4052600
43.548485	4441400
44.193192	6220800
44.702709	5275200
43.79459	4780000
43.354404	4903400
43.614368	3648200
43.881245	4736000
42.94886	5023800
43.170681	5861800
43.323189	5096000
42.668106	5291400
42.681957	4242800
42.640362	3813000
42.453197	3598600
42.865662	3698600
42.661156	3663000
42.373474	3754000
42.428928	5132000
43.357841	6224000
43.884708	5251800
43.856842	3434400
43.501442	3551200
44.198292	5295200
43.560673	3945000
43.797592	5993600
43.484005	3870000
43.964851	4367400
43.682617	4763600
43.470074	3150400
43.100731	4286200
43.588535	4691400
43.024086	4685000
43.379482	5674600
42.396908	4439000
42.16346	4989400
42.320255	5866200
43.703518	6831800
43.745327	5838400
45.121628	7795200
45.285389	6156400
45.201763	5885200
45.508396	7166800
46.818466	9234600
45.49794	7008000
46.097229	6462400
45.898628	4827200
45.874229	4418600
45.473526	3907800
45.306305	5498800
45.588528	5949800
46.571095	5502200
46.637287	4681000
46.682587	5309200
46.187809	7657200
46.508389	4860200
45.856804	4636600
46.264477	3534800
46.309769	4490400
46.424763	4219600
46.564125	5021800
44.947414	10524600
45.288879	7316200
45.236626	6073400
45.20874	7232400
44.529301	5964400
43.804573	7519400
42.821999	7243400
44.180866	6930000
44.240101	4441800
43.916065	6427400
43.518856	4541000
43.954399	4067200
43.487503	3858600
42.794125	7668000
42.337685	6594800
42.884705	6604400
42.790638	5528000
43.362061	4550800
43.020599	3742200
42.91259	3886600
43.849857	5331400
43.710499	5100800
43.198296	3639200
43.473549	4507200
43.179317	4121600
43.704742	4662400
43.259888	2602400
44.17062	3930400
43.788818	4205600
43.196842	4450200
44.300228	5376000
43.785301	4307200
44.198639	3053000
44.485874	3890400
44.016499	3997600
44.275707	5573000
44.209148	2966400
44.209148	2985800
44.822147	2917800
44.962257	3433200
44.766102	3947800
45.704861	4161800
45.564747	3959600
46.146202	6107400
46.030624	6436600
45.809944	6912000
45.386116	3666200
45.508698	3020200
45.291527	3813000
45.641811	2862600
45.049824	2756400
45.179432	3609600
45.144413	3436200
45.498184	2362600
44.969269	2067600
45.578739	5117800
45.466667	3922000
45.298542	2872200
45.151409	3500400
45.270531	2292000
45.17244	3886200
44.867683	4260600
44.703049	2839800
44.597961	3848600
45.59977	6146200
47.761013	13116800
48.216389	7348600
48.601681	4040800
48.811859	6890600
49.529949	5304800
49.382828	5760400
48.881924	4026600
48.829369	3855200
49.109592	4318000
48.692776	3661400
49.081593	3579000
48.671741	3298000
48.412552	3449600
48.636711	3327600
49.022022	2708400
49.705078	5559800
50.430172	5247400
50.615814	5373000
49.78915	6521600
49.971302	2503600
50.559769	3627400
50.598297	3261400
50.608875	2944000
50.915012	3226800
50.503288	4036800
50.45052	2286600
50.721462	2360200
50.302731	2502800
50.056389	2768800
50.133816	2250600
49.317421	6536400
50.183067	5978400
49.264633	5643200
48.800144	5267000
48.553822	5128400
48.353237	4290400
48.068222	3919000
48.874043	4233800
48.641788	4366000
48.712173	3579400
49.54615	3249000
49.359642	3514400
49.915642	2997200
49.961376	5031400
50.010643	3975000
50.232319	2897600
49.669304	3189400
49.831177	3614600
50.478664	6336000
49.454662	17487400
48.610107	5201200
49.898037	4448900
50.165478	2874100
51.39711	5580200
51.333771	2782800
51.587128	2216000
51.164864	2040300
52.178288	3751700
52.107914	2845000
52.445732	1941100
52.551296	2112200
51.868622	2771500
51.791203	3149000
52.114956	3074500
53.121365	5653900
53.135426	3233700
53.360634	3724100
53.438057	2335300
53.262104	2162800
53.304337	2247900
54.367023	3359900
54.592266	2411300
54.937099	2576500
55.507179	3065000
55.450882	2807900
55.950542	2903000
55.7183	2727200
56.020935	2367600
55.626816	2107900
55.486061	1740400
55.24678	2248000
55.528286	2035800
56.056103	1929300
55.267906	2460400
55.028606	2495500
54.338882	2881500
54.317707	3187500
54.282356	2846000
54.784195	2050200
56.233124	2812400
55.95747	2139100
56.035229	1558500
55.865593	710300
57.689125	3392100
57.215603	2658800
57.243847	2901400
57.462978	2118800
57.067162	2030600
57.922375	2396300
57.971848	2831600
57.208508	2213900
57.420559	2675500
57.58313	2238600
57.957729	3560100
58.650398	2464600
58.989655	2022300
58.968441	2912200
59.420803	4551700
60.254845	2860200
59.802479	2447300
59.540958	767400
59.519722	874200
59.72472	2346300
59.56921	1459700
60.099335	1626300
58.926052	2591700
60.049862	2985200
59.866089	2983100
58.834133	4293600
58.438339	3489300
58.240448	3310600
58.784668	2841300
58.579716	2159700
59.159279	2088300
59.583366	2599600
60.417416	3635900
56.833912	9737300
57.781017	7712200
58.035469	3805400
57.929432	2633600
58.289932	2925700
58.028393	2877300
56.544113	4283400
56.204838	4690800
55.90094	3389700
55.130512	3959200
55.766636	3753000
56.155369	3458200
55.83733	2605400
56.409813	2718700
56.112957	2076800
57.42762	3347900
57.533627	2842000
57.236786	2058700
56.317951	2839300
56.770302	2695200
56.55732	2285300
56.159718	2413500
56.585686	2397500
57.111099	2259800
56.429508	2422300
55.783428	3097500
55.506523	3521800
55.392941	2946600
55.932514	2364800
55.598789	2216800
56.053215	2837900
56.010597	1951300
55.847324	2852900
55.144428	2377000
55.272228	2604200
53.958778	4185500
53.497288	4397500
54.11496	3324500
53.156487	3473600
55.953796	7482900
56.486309	3714400
56.713478	3553800
56.628304	3577300
56.592804	3858100
56.514709	3209800
56.393997	2619400
57.522869	3210300
56.784512	2615700
57.366688	2651500
57.991478	3000700
58.126369	2986400
57.544182	2866000
58.062466	2888900
58.751148	2237300
58.807949	1653000
58.751148	2952600
58.523949	2340800
59.368835	1512900
58.495567	2397800
58.687256	1861400
58.82217	2077700
59.446922	2234400
59.46822	5273200
59.07066	2724800
59.603142	2185900
61.733074	4789600
62.407543	5057200
62.301067	2909000
62.748341	3211000
61.569782	2698200
61.143806	3166400
61.399391	2990900
61.789906	2296300
61.413612	2872700
60.881123	2443100
60.185326	2819500
59.94389	2243300
59.312054	3089400
59.745117	2745500
60.597103	2814700
60.000721	2509700
59.503746	2735800
59.084827	2774500
59.01384	2958200
58.692959	2578000
58.614525	2439700
59.127949	1974800
58.86409	2246700
59.641346	3102700
59.89806	1837100
60.575466	2742900
60.297382	1650600
60.489899	2365200
61.046101	1832700
60.447144	1630900
60.511307	1738000
60.739471	2443100
61.416882	1950300
60.903496	1766000
61.481083	1655500
60.718075	1975500
61.00333	1927200
60.789394	2371600
61.274292	1497900
62.101421	3702400
62.236923	2429200
63.81995	3797100
63.855591	2989400
63.163921	1875800
63.220993	2939100
63.242336	1865500
64.033882	2577700
64.183594	3069800
62.871548	2627200
62.393814	1711900
62.429478	2305900
63.05698	2454300
62.564945	2343600
62.50079	1781300
62.679043	1605900
62.30825	2278900
62.885838	2044800
63.192421	2074100
62.636265	2545000
59.220634	10521700
60.611156	4972700
59.598579	3557100
59.684135	3765900
58.914043	2739600
58.20808	3350400
59.220634	2789300
58.464775	4493900
58.557487	2822700
58.728592	1885300
59.577168	2412000
59.135082	1776600
59.313332	2018300
58.165276	2577400
56.953083	3228600
56.653561	2556600
56.767658	3981300
56.496689	3401200
55.469879	3187000
55.377178	2100700
55.783623	2903800
56.104523	2878100
57.307961	2757200
57.293652	2239200
57.501369	1785100
57.565872	1563400
57.723476	1336600
58.16761	2094800
58.217739	1616700
58.36816	1134600
58.239227	1481000
58.99855	2508100
59.356754	2054400
59.843853	2259900
60.130375	1778800
60.330971	2185000
60.065948	2254700
60.065948	1782000
60.667656	1843500
60.639015	2281700
60.116066	2235600
58.740681	3714000
58.776505	2335700
58.969936	3567700
57.981373	2788500
58.432648	3028100
57.472736	2955500
56.37672	3975200
56.362385	3184600
55.653225	3306900
56.641781	4120700
56.434029	2694200
57.286495	4114500
57.085911	3581800
56.548641	2985500
56.419716	2951200
58.124599	3455000
57.064434	2663900
56.777905	2614900
56.749237	1559800
56.326576	2240500
55.86095	3746300
55.58873	3030000
55.86095	3205500
54.51421	14470200
54.0056	4897600
55.015652	5347100
55.58873	4062600
54.356613	4004600
54.134544	2926600
54.600174	3642800
55.567265	3534100
55.266384	2252700
55.567265	2112400
55.094463	2905400
54.356613	3892700
53.93399	5547300
55.932602	6238000
58.31089	6746600
58.296574	2969000
58.160442	2108300
57.916882	2871200
58.654724	2547500
59.227787	2676900
58.941269	3054600
58.575905	2825400
59.165909	2819900
59.266663	2186000
58.244953	2571000
58.093842	2812000
57.734085	2964100
57.74128	2616000
57.676506	1138600
57.561401	3116900
57.266396	4306700
57.885193	3833800
57.496658	2981900
58.338486	4940900
57.827618	2408200
56.748356	3506100
57.014568	2412800
56.82029	3855500
56.697968	2666400
56.467712	3889700
56.482109	3409800
56.906631	4183900
57.489452	4854100
58.007504	6293200
58.101044	3540900
58.352882	2810700
58.647861	2881000
59.396168	3031100
59.108337	2216000
59.712761	2120900
59.53289	1695200
59.540054	1271700
59.050785	1440800
59.288239	3192000
58.806183	3644600
58.086655	2895300
58.611904	3014500
59.216278	3293000
60.396317	4343700
60.950333	4757100
61.130188	4183500
60.288364	4172400
60.41787	3082200
59.014835	7161400
59.122742	4878000
59.683979	3234000
58.475178	4259500
58.727036	4046300
59.590424	3480400
60.022152	2919500
59.640778	2564100
59.899834	2046600
60.69849	2800700
60.497025	3010200
59.964592	2908000
59.964592	2314400
60.497025	2451300
60.353134	1715200
60.68409	2020000
59.971794	1780800
60.367516	1915300
60.468235	2578100
60.878387	2012500
61.8713	3753600
62.454124	2962300
61.669834	2913700
61.554741	2957100
60.482635	2989400
60.68512	3078400
60.93821	2692200
61.176849	2252100
60.699589	2163300
61.082817	2289900
61.147926	2182400
61.393795	2412900
62.521866	2906800
62.70266	3619900
62.464024	2697000
62.276001	2563800
62.659264	2523500
61.921688	2396200
62.116936	2579700
62.087994	2199300
62.189205	2758900
62.167538	1995800
62.304932	5264900
61.950588	1695300
61.740879	2086700
61.516701	2366300
61.668579	1843600
61.589027	1561300
61.213024	2752700
62.174763	1999000
61.965034	2609400
61.552883	2293700
61.249153	2448700
61.082817	2863200
61.33593	2333500
61.581783	2131900
61.140667	1660700
61.082817	1588000
61.646896	2307000
60.902046	2294600
59.571499	3206600
58.472324	4636300
54.885616	13236700
55.630421	7149900
54.885616	4921700
56.324646	3657800
55.724426	2715800
56.049866	2461300
55.051922	2724900
55.391808	2750200
54.401115	3213400
55.297798	2955800
55.594303	2834500
55.507504	3141600
55.934128	3013100
56.020931	2600200
55.919674	2286200
56.208942	2310700
55.399033	3866900
55.673824	2806200
54.798836	2371700
54.675907	2553700
55.261646	1931800
55.688293	2414300
56.786182	2247300
56.611679	2191900
56.030014	3465200
57.098858	2962500
56.85165	2263500
56.030014	2589800
55.971848	3051300
55.971848	1511700
55.731915	3337000
55.986389	2085900
55.673737	2219200
55.259285	2305500
55.375637	1611100
55.506504	2725100
55.666451	2042700
55.390182	2720900
55.106609	2776900
55.324738	2556500
55.739189	2363200
55.353806	2612400
55.746456	2295700
55.928242	3939400
56.124557	2281200
56.124557	2822300
56.626213	3977800
55.164776	4737000
54.88121	4004000
55.106609	2282700
56.059093	3008000
55.288368	2225100
52.569038	14756900
53.078022	8866000
53.52882	3999300
52.954395	3753600
53.666954	3714400
54.532188	3345000
55.353806	3709900
54.437668	3687700
54.61945	3299300
54.844849	2791600
54.859386	3573800
54.190464	4631600
54.015972	4230400
54.299519	2828100
54.205009	2799900
54.321358	2857200
53.928703	2943200
53.645134	2664000
53.550625	3194500
54.314068	3188600
54.532188	3068200
54.75032	2502800
54.444927	2441800
53.94326	3350800
53.332493	3281100
53.070751	2693800
52.598125	3747200
52.350918	3984500
52.350918	5062400
52.612671	3486300
52.307281	2723100
52.4818	3377900
52.103706	2481900
52.484016	2634100
52.60104	3032700
52.710754	2924100
52.60104	2856200
51.920868	3331300
52.162228	3735600
52.147591	2167600
51.920868	2995900
51.986671	1881100
51.913521	2386200
52.037888	2845000
51.825768	3004600
52.293854	2507300
53.17152	3239300
53.954086	3857400
53.478699	3615200
53.77124	2527100
54.290535	3933600
54.122322	3004200
53.917522	2407400
53.617653	2450300
53.646931	3959500
53.025234	2860100
52.915531	2664100
52.900917	2942500
53.244671	2442400
53.061802	2181800
53.486027	2588900
53.522602	1991400
53.156898	3060100
53.522602	2824000
53.654224	1855800
53.047169	2140800
52.293854	2830800
52.052513	3615700
52.00861	3921100
52.462078	2306900
52.213398	1958900
51.599041	2861300
51.474705	3729600
51.247974	3405300
51.72337	2565900
53.003292	4737100
54.64159	7015700
55.329086	4182700
54.780575	3332200
54.773247	3111500
55.263264	2375400
55.343731	2938700
54.978024	2012200
54.714729	1929700
55.760601	2727000
55.570461	3530400
54.751312	3679400
54.963398	3676700
54.956089	2522500
54.94878	2476100
55.475372	1821300
55.548504	1895000
55.650887	2414900
56.448097	3005100
56.718731	2075500
56.777233	2305200
57.091743	2579200
56.250637	4949300
56.506618	3958500
57.164871	3700000
57.947445	2577200
57.557766	4084500
57.447464	2635000
57.587139	1165000
57.498932	2268000
57.609211	2498300
57.704784	2928400
58.285683	2796200
58.381252	1734400
57.587139	2861800
57.131294	3448600
56.896004	3821000
56.572483	2247000
57.24894	2526300
56.697479	1990800
56.579842	2458300
57.021	2102600
56.976871	2910600
56.68277	4755800
57.03569	2731100
56.932762	2974100
57.388611	1919700
57.822472	2386500
57.793045	1095700
56.896004	1826700
57.498932	1615600
57.565094	1374000
56.984215	1728600
58.168018	3117200
57.873932	2558000
57.344501	2529500
57.815094	2479500
58.101864	1845600
57.741543	1919900
57.623928	1909900
57.131294	2121100
56.984215	1925300
56.68277	2073400
56.748936	1833600
56.550407	1807100
55.322498	3284500
55.660728	2953500
54.557785	5511200
53.675465	7475200
53.454876	5027500
53.418125	3813100
53.418125	3463600
53.491642	5317900
53.815178	3829100
53.05048	3207100
52.278435	3258300
52.329903	2551500
51.947556	3132800
52.20491	2846100
53.028446	3798100
53.38871	2931700
53.60928	2320300
54.190155	3859400
53.771049	2672900
53.712231	2923000
54.241611	2338600
53.822517	3706300
54.000107	2674100
54.495865	2694800
54.688236	1931100
54.525444	2774300
54.451443	2695300
54.510662	2035500
54.051903	2657100
53.926105	3093200
53.237972	3587200
53.474754	2954800
53.556152	2494700
53.127003	2148800
53.511738	1832700
53.341549	1997600
54.407078	2629000
54.754837	2863500
55.41338	4338200
55.339375	4049500
55.49477	1748700
55.442978	3197700
56.286507	2954700
56.80444	3468700
56.826645	3419400
56.856232	2792500
56.456669	3511000
57.388988	5262600
56.61945	3362600
56.005325	3125800
56.116299	3603000
56.974625	3634600
57.314987	2784100
60.215519	10471100
59.956551	4107900
59.919567	2564200
59.778961	2791600
60.008327	2456800
59.912136	1793900
59.386787	3122500
60.370899	4374600
60.585491	2922500
61.118244	4281500
62.93845	9268200
63.234425	4363700
62.753475	3955800
63.27882	2704600
63.064243	2991300
63.212238	2531000
62.871895	2848100
62.524078	3807300
63.560013	3317600
63.981785	3324700
64.595886	3632000
65.210037	3523600
64.803078	4014700
64.854889	2818300
64.499702	2558100
64.055756	2526500
64.462738	2597500
64.196335	3198400
62.797867	4156000
62.597023	2690500
62.716045	2796400
62.284595	3006500
62.068874	2783600
62.351532	2906600
61.934959	2821900
62.388733	1838000
62.08374	2334600
62.232521	3364300
62.864811	1721800
63.06567	2318900
61.704342	2599500
61.191097	4299900
59.762852	3797800
60.811718	4435400
59.933952	2561200
59.628967	2535100
59.480175	3444200
59.435535	2488900
60.17944	3190000
59.889313	3509500
59.085941	2448300
59.428112	2139400
59.807484	2337200
59.204937	1793800
59.450424	2398400
59.666142	1626900
58.542923	2527400
58.974342	1787900
60.365383	2765500
60.082726	3268700
60.343063	654600
59.919052	2157900
60.543919	2280500
55.121078	24358800
54.384651	9215500
54.369762	5431100
54.094547	4320700
53.283699	4816000
52.978714	4350900
52.562164	5183900
52.703472	5283000
52.829945	5367700
52.889454	3413500
52.606785	5617600
53.328365	3472600
50.665264	18859900
51.371941	9168600
51.885216	6141000
52.458004	4012000
52.368755	3069800
52.004253	3403200
51.781094	4835300
51.535614	4595900
51.662048	4134800
51.32732	3613700
51.000015	4072500
50.806606	3581000
50.888451	3124500
50.977703	3368600
51.04467	4531200
51.907547	4650600
52.658863	5245000
52.963844	3167400
52.971268	2485700
52.904331	2436900
53.030781	2092600
52.663925	2783700
52.484257	2485000
52.349464	3085100
53.113144	2658400
53.61478	3208000
53.487484	2572100
53.682148	1780800
53.697159	2487300
53.420116	2913000
53.532421	2503700
52.851112	3276800
53.539917	2316400
53.420116	2189500
54.333542	3867600
54.932495	3556400
55.052303	2624700
55.50901	5656700
55.321835	2478700
54.842659	2620900
54.969929	3855000
54.737831	3337700
54.707897	2408800
55.179565	4234500
55.965714	4888700
55.890862	3383700
55.853413	2736900
55.718632	2592200
55.097225	2943000
55.426628	2974100
56.055557	3025200
56.841698	2616500
56.864159	2595100
56.751846	1817900
56.30262	1898500
56.504795	2665400
56.474842	2110700
56.452358	1753200
56.71442	1932400
56.751846	2517000
56.549706	2566500
57.201084	2781500
58.750912	7998800
59.96381	5275100
59.81406	3196500
59.49213	2297600
59.327408	2392200
59.110271	2329100
59.102806	1193400
59.027924	2677300
59.027924	2910500
59.057865	2899900
58.833252	1814000
59.589428	2133900
59.462173	2122200
59.462173	1731500
59.072849	3261600
59.289974	2088900
59.522064	2574900
59.96381	2937900
60.428009	3439100
60.113533	1937200
60.944622	3049100
60.92963	1875200
61.471748	2842200
61.343761	1885100
61.102829	694500
60.410076	2833900
60.545635	2150700
60.974789	1779600
61.336227	2355000
60.221878	5475200
60.907032	2896700
60.658577	2734700
60.086323	2357400
59.905602	2516200
59.152653	5472500
59.370979	2811500
59.491478	4008300
59.672188	2561800
59.31078	3219800
58.964405	6215700
58.994511	2328100
58.813797	2844800
59.355946	2305300
59.340889	2368300
58.994511	1660800
58.753567	1963600
59.084877	1750300
58.851433	1686500
58.67828	1826600
58.926769	3781500
58.693336	2968400
58.294281	2765200
58.422256	2434500
58.490025	1896800
58.618057	1787500
59.220398	2372500
59.755005	2582200
59.905602	2526600
59.416176	2711300
59.340889	1963000
59.672188	2912100
59.099934	2139300
59.370979	1949500
59.852898	1772700
59.491478	2888700
59.250542	1996300
59.453838	3420300
56.24622	15657900
55.945023	9284500
55.711613	6501600
55.621262	5584500
55.66642	6350000
55.922447	4872900
56.208565	4051900
56.201027	3840200
56.125751	4022300
56.163361	2972100
57.548836	7193200
57.857571	3888100
57.910263	3627500
57.857571	3794200
57.66177	3962200
57.760296	2820400
57.851219	2795600
57.745117	1987400
57.676933	2594000
56.449444	5865700
56.131207	5290200
55.812965	4470900
55.320465	5008700
55.441689	4905700
55.66901	4308500
55.919033	3775600
56.464581	3815900
56.623726	3346200
56.957115	3220100
56.65403	4431500
57.434467	4612800
57.578438	3930100
57.040451	5054500
57.858795	3200500
57.873947	2379600
58.26796	3086300
58.934731	4071900
59.078682	2780900
58.631641	3542100
58.472519	2692200
57.873947	3186300
57.654179	4233300
57.911819	3400500
57.798176	2414400
58.692268	3094800
58.464958	2595100
58.154285	2484700
58.214905	2127800
57.964867	2149800
57.760296	2793400
58.123989	2288100
58.131546	2453700
58.464958	2483600
58.555859	2381300
58.404358	2094800
58.783195	3557800
58.912006	4741300
58.555859	3573800
58.343708	3734100
58.32098	4650400
60.957821	14209100
61.791283	6776500
62.715691	6321800
63.352165	5560200
63.965935	5224600
63.700741	4850800
63.806828	2936100
64.352364	3646900
64.238724	3406800
64.678192	4050500
64.140221	3181300
64.822128	4106200
64.276588	3498200
65.291939	6580100
65.535751	3930600
66.038635	4186400
66.213913	3953400
66.33577	3580600
66.884415	3567500
67.006317	3393300
66.404366	4452600
66.556763	2793800
66.526299	3294000
66.998726	3607600
67.021568	3561400
67.379669	2852900
67.10537	2320000
66.640594	2529000
66.000549	3008200
64.674736	4791400
65.482391	3599500
64.994766	2923700
64.796684	3425800
66.43486	4541400
66.610092	2881200
66.800613	4520800
66.762497	2789900
66.914902	2348100
66.351044	2788200
66.602486	2723400
65.855766	4802200
65.71862	2879300
65.589104	3034400
66.38913	3255900
66.175789	2342400
66.130066	3322100
67.05204	2407400
67.006317	1053200
66.869164	1886000
67.135857	2009300
67.135857	2323600
66.45771	3430700
66.960594	2567600
68.522598	4195000
68.743584	3609800
69.238869	4584100
69.398888	2550100
69.703651	4352500
69.467438	2788400
68.735947	5109500
69.238869	2767300
68.339752	3644400
68.2864	5098100
68.614075	7577700
68.614075	6248700
68.713104	4845800
67.753036	5724600
67.867355	5677300
67.905426	3854600
66.716805	5021400
66.87677	5717800
67.074913	4512200
67.166351	4757100
66.183426	5069600
65.505287	5881900
65.71862	3204900
65.345268	3468500
64.811905	3913400
65.070953	6718500
66.922508	6135100
67.257751	3214900
67.402527	3081600
68.237602	3059800
67.992439	2714500
68.298882	2987400
67.954132	2182400
67.126747	3174800
68.000137	2763300
68.45977	3543900
69.708527	4933800
69.831108	3048300
68.888802	3231400
69.432755	2639200
68.122673	3581200
67.279945	5234100
67.601753	3369000
68.245255	3176200
68.25293	3090900
68.199303	2345100
68.130363	1894500
70.221848	4353300
70.451668	4796300
70.053276	3315400
70.237167	4976500
70.336777	3198200
70.413383	2409100
70.896011	3407300
71.547218	3255000
71.692764	3845600
72.581459	4186600
71.930237	3492900
72.160103	2833500
72.206062	2409400
73.431839	3760200
73.094765	2216800
73.255646	3458900
73.408859	2931600
72.290344	3679400
72.144775	2621200
72.313332	3028800
71.999229	2798700
72.213737	3415500
72.573799	2495900
66.360634	15248300
66.100166	8993900
65.832024	7482300
65.96228	5005700
65.954575	4088600
65.985252	2863100
65.862656	3650200
65.724754	2791700
66.161423	4638300
64.276825	4342500
65.035278	4917600
65.157829	3743800
65.464256	3328000
63.794155	4484700
63.457054	7583000
60.913578	9138500
60.691399	4726700
62.231281	5014600
61.449867	3663000
61.020824	4204000
62.491756	6464800
62.591351	5022900
63.277245	4429500
62.606773	4703300
63.770466	1726100
62.421803	4067600
63.284943	4319100
64.279053	4377400
64.433197	3226400
64.163445	5738700
63.354294	4272100
63.261803	3189000
64.54879	3255800
65.365669	2937500
66.421448	3709400
66.845268	3291900
65.234657	4310900
66.783638	7253900
66.983994	4294000
66.221077	3373200
66.105484	3731500
66.159416	3080500
65.450455	3733200
65.111359	3398600
66.313545	7031000
66.475395	889500
66.328972	2142300
65.81263	2278100
65.57373	2162700
64.980324	1740700

